# unix_time, cycles_done, cur_path, paths_total, pending_total, pending_favs, map_size, unique_crashes, unique_hangs, max_depth, execs_per_sec
1662919536, 0, 0, 1, 1, 1, 0.24%, 0, 0, 1, 170.21
1662919541, 0, 0, 55, 55, 1, 0.36%, 0, 0, 2, 564.83
1662919547, 0, 0, 62, 62, 1, 0.38%, 0, 0, 2, 642.91
1662919552, 0, 0, 68, 68, 1, 0.38%, 0, 0, 2, 661.77
1662919557, 0, 0, 129, 129, 1, 0.38%, 0, 0, 2, 686.28
1662919562, 0, 0, 184, 184, 1, 0.39%, 0, 0, 2, 766.45
1662919567, 0, 0, 204, 204, 1, 0.40%, 0, 0, 2, 791.58
1662919572, 0, 0, 217, 217, 1, 0.40%, 2, 0, 2, 799.94
1662919577, 0, 0, 226, 226, 1, 0.40%, 5, 0, 2, 804.43
1662919582, 0, 0, 234, 234, 1, 0.40%, 7, 0, 2, 798.89
1662919587, 0, 0, 237, 237, 1, 0.40%, 8, 0, 2, 808.01
