# unix_time, cycles_done, cur_path, paths_total, pending_total, pending_favs, map_size, unique_crashes, unique_hangs, max_depth, execs_per_sec
1663129071, 0, 0, 1, 1, 1, 0.30%, 0, 0, 1, 210.53
1663129076, 0, 0, 75, 75, 1, 0.49%, 0, 0, 2, 575.51
1663129081, 0, 0, 87, 87, 1, 0.51%, 0, 0, 2, 655.38
1663129086, 0, 0, 96, 96, 1, 0.51%, 0, 0, 2, 667.93
1663129092, 0, 0, 167, 167, 1, 0.52%, 0, 0, 2, 734.81
1663129097, 0, 0, 233, 233, 1, 0.55%, 0, 0, 2, 726.88
1663129102, 0, 0, 264, 264, 1, 0.56%, 0, 0, 2, 804.78
1663129107, 0, 0, 278, 278, 1, 0.57%, 0, 0, 2, 813.90
1663129112, 0, 0, 288, 288, 1, 0.58%, 0, 0, 2, 823.33
1663129117, 0, 0, 294, 294, 1, 0.59%, 0, 0, 2, 819.31
1663129122, 0, 0, 303, 303, 1, 0.59%, 0, 0, 2, 814.96
1663129127, 0, 0, 312, 312, 1, 0.59%, 0, 0, 2, 823.53
1663129132, 0, 0, 319, 319, 1, 0.59%, 0, 0, 2, 828.40
1663129137, 0, 5, 320, 319, 44, 0.59%, 0, 0, 2, 876.28
1663129148, 0, 24, 320, 318, 43, 0.59%, 0, 0, 2, 740.18
1663129163, 0, 24, 321, 319, 43, 0.59%, 0, 0, 3, 719.54
1663129168, 0, 24, 324, 322, 43, 0.59%, 0, 0, 3, 786.53
1663129173, 0, 24, 328, 326, 43, 0.59%, 0, 0, 3, 804.83
1663129178, 0, 24, 330, 328, 43, 0.59%, 0, 0, 3, 806.63
1663129183, 0, 24, 332, 330, 43, 0.59%, 0, 0, 3, 806.40
1663129188, 0, 24, 333, 331, 43, 0.59%, 0, 0, 3, 810.13
1663129194, 0, 39, 333, 330, 42, 0.59%, 0, 0, 3, 768.87
1663129204, 0, 39, 334, 331, 42, 0.61%, 0, 0, 3, 676.26
1663129214, 0, 39, 338, 335, 42, 0.62%, 0, 0, 3, 777.17
1663129219, 0, 39, 342, 339, 42, 0.62%, 0, 0, 3, 811.87
1663129224, 0, 39, 347, 344, 42, 0.62%, 0, 0, 3, 823.37
1663129229, 0, 39, 349, 346, 42, 0.62%, 0, 0, 3, 828.13
1663129234, 0, 39, 352, 349, 42, 0.62%, 0, 0, 3, 822.56
1663129239, 0, 39, 354, 351, 42, 0.62%, 0, 0, 3, 825.63
1663129244, 0, 48, 354, 350, 42, 0.62%, 0, 0, 3, 717.32
1663129264, 0, 50, 354, 349, 41, 0.62%, 0, 0, 3, 685.66
1663129280, 0, 66, 355, 349, 40, 0.63%, 0, 0, 3, 781.77
1663129295, 0, 98, 355, 348, 40, 0.63%, 0, 0, 3, 892.86
1663129316, 0, 111, 355, 346, 39, 0.63%, 0, 0, 3, 896.30
1663129321, 0, 136, 355, 345, 38, 0.63%, 0, 0, 3, 897.64
1663129331, 0, 136, 359, 349, 38, 0.63%, 0, 0, 3, 891.31
1663129336, 0, 136, 360, 350, 38, 0.63%, 0, 0, 3, 885.12
1663129347, 0, 136, 362, 352, 38, 0.63%, 0, 0, 3, 890.50
1663129352, 0, 136, 364, 354, 38, 0.63%, 0, 0, 3, 889.12
1663129357, 0, 136, 367, 357, 38, 0.63%, 0, 0, 3, 891.06
1663129367, 0, 144, 367, 356, 38, 0.63%, 0, 0, 3, 896.29
1663129377, 0, 147, 367, 355, 37, 0.63%, 0, 0, 3, 894.71
1663129387, 0, 151, 367, 354, 36, 0.63%, 0, 0, 3, 900.53
1663129392, 0, 166, 367, 353, 35, 0.63%, 0, 0, 3, 902.94
1663129403, 0, 174, 367, 352, 34, 0.63%, 0, 0, 3, 769.99
1663129418, 0, 177, 367, 351, 33, 0.63%, 0, 0, 3, 864.06
1663129423, 0, 184, 367, 350, 32, 0.63%, 0, 0, 3, 887.12
1663129439, 0, 191, 368, 350, 31, 0.63%, 0, 0, 3, 888.48
1663129444, 0, 217, 368, 348, 29, 0.63%, 0, 0, 3, 894.49
1663129449, 0, 229, 368, 346, 27, 0.63%, 0, 0, 3, 904.10
1663129454, 0, 238, 368, 345, 26, 0.63%, 0, 0, 3, 862.90
1663129469, 0, 243, 368, 344, 25, 0.63%, 0, 0, 3, 848.52
1663129480, 0, 261, 369, 344, 24, 0.63%, 0, 0, 3, 842.25
1663129495, 0, 283, 370, 343, 24, 0.63%, 0, 0, 3, 849.30
1663129500, 0, 283, 371, 344, 24, 0.63%, 0, 0, 3, 853.06
1663129505, 0, 283, 376, 349, 24, 0.64%, 0, 0, 3, 850.22
1663129515, 0, 283, 380, 353, 24, 0.64%, 0, 0, 3, 851.73
1663129520, 0, 283, 383, 356, 24, 0.64%, 0, 0, 3, 850.78
1663129536, 0, 283, 384, 357, 24, 0.64%, 0, 0, 3, 887.56
1663129541, 0, 292, 384, 356, 23, 0.64%, 0, 0, 3, 787.44
1663129561, 0, 292, 386, 358, 23, 0.65%, 0, 0, 3, 772.46
1663129566, 0, 292, 388, 360, 23, 0.65%, 0, 0, 3, 803.34
1663129572, 0, 292, 389, 361, 23, 0.65%, 0, 0, 3, 815.43
1663129577, 0, 292, 391, 363, 23, 0.65%, 0, 0, 3, 804.56
1663129592, 0, 294, 391, 362, 25, 0.65%, 0, 0, 3, 873.81
1663129602, 0, 303, 392, 362, 24, 0.65%, 0, 0, 3, 781.55
1663129618, 0, 306, 392, 361, 23, 0.65%, 0, 0, 3, 815.65
1663129628, 0, 308, 392, 360, 22, 0.65%, 0, 0, 3, 893.98
1663129649, 0, 313, 392, 358, 21, 0.65%, 0, 0, 3, 893.22
1663129659, 0, 323, 392, 357, 20, 0.65%, 0, 0, 3, 885.20
