# unix_time, cycles_done, cur_path, paths_total, pending_total, pending_favs, map_size, unique_crashes, unique_hangs, max_depth, execs_per_sec
1662918509, 0, 0, 1, 1, 1, 0.29%, 0, 0, 1, 205.13
1662918514, 0, 0, 75, 75, 1, 0.48%, 0, 0, 2, 565.52
1662918519, 0, 0, 86, 86, 1, 0.49%, 0, 0, 2, 639.69
1662918524, 0, 0, 93, 93, 1, 0.49%, 1, 0, 2, 657.16
1662918529, 0, 0, 157, 157, 1, 0.52%, 2, 0, 2, 708.93
1662918534, 0, 0, 240, 240, 1, 0.54%, 5, 0, 2, 765.36
1662918539, 0, 0, 267, 267, 1, 0.55%, 11, 0, 2, 794.76
1662918545, 0, 0, 279, 279, 1, 0.55%, 14, 0, 2, 801.10
1662918550, 0, 0, 296, 296, 1, 0.55%, 14, 0, 2, 801.45
1662918555, 0, 0, 302, 302, 1, 0.56%, 16, 0, 2, 802.18
1662918560, 0, 0, 305, 305, 1, 0.56%, 19, 0, 2, 804.05
