# unix_time, cycles_done, cur_path, paths_total, pending_total, pending_favs, map_size, unique_crashes, unique_hangs, max_depth, execs_per_sec
1663144348, 0, 0, 1, 1, 1, 0.25%, 0, 0, 1, 216.22
1663144353, 0, 0, 56, 56, 1, 0.36%, 0, 0, 2, 581.87
1663144358, 0, 0, 63, 63, 1, 0.38%, 0, 0, 2, 653.76
1663144363, 0, 0, 69, 69, 1, 0.38%, 0, 0, 2, 674.87
1663144368, 0, 0, 145, 145, 1, 0.38%, 0, 0, 2, 745.25
1663144373, 0, 0, 205, 205, 1, 0.39%, 1, 0, 2, 795.29
1663144378, 0, 0, 226, 226, 1, 0.39%, 4, 0, 2, 821.27
1663144383, 0, 0, 239, 239, 1, 0.39%, 6, 0, 2, 823.65
1663144388, 0, 0, 250, 250, 1, 0.40%, 7, 0, 2, 826.13
1663144393, 0, 0, 254, 254, 1, 0.42%, 7, 0, 2, 833.64
1663144398, 0, 0, 257, 257, 1, 0.42%, 10, 0, 2, 821.86
1663144404, 0, 0, 258, 258, 1, 0.42%, 11, 0, 2, 819.91
1663144409, 0, 10, 261, 260, 31, 0.42%, 12, 0, 2, 788.91
1663144429, 0, 10, 262, 261, 31, 0.42%, 12, 0, 3, 766.23
1663144434, 0, 20, 263, 261, 30, 0.42%, 12, 0, 3, 771.37
1663144454, 0, 20, 264, 262, 30, 0.42%, 13, 0, 3, 743.95
1663144460, 0, 42, 264, 261, 29, 0.42%, 14, 0, 3, 692.26
1663144480, 0, 42, 267, 264, 29, 0.42%, 15, 0, 3, 791.70
1663144485, 0, 42, 269, 266, 29, 0.42%, 15, 0, 3, 809.23
1663144490, 0, 42, 272, 269, 29, 0.43%, 15, 0, 3, 804.36
1663144495, 0, 42, 273, 270, 29, 0.43%, 15, 0, 3, 817.45
1663144500, 0, 42, 273, 270, 29, 0.43%, 16, 0, 3, 823.37
1663144505, 0, 48, 273, 269, 29, 0.43%, 16, 0, 3, 835.96
1663144520, 0, 48, 277, 273, 29, 0.43%, 16, 0, 3, 892.83
1663144525, 0, 48, 280, 276, 29, 0.43%, 16, 0, 3, 891.58
1663144530, 0, 48, 282, 278, 29, 0.43%, 17, 0, 3, 890.11
1663144536, 0, 48, 284, 280, 29, 0.43%, 17, 0, 3, 890.32
1663144546, 0, 87, 285, 280, 31, 0.43%, 17, 0, 3, 885.20
1663144556, 0, 88, 285, 279, 30, 0.43%, 17, 0, 3, 897.83
1663144571, 0, 89, 286, 279, 30, 0.43%, 17, 0, 3, 887.35
1663144581, 0, 107, 286, 277, 28, 0.43%, 17, 0, 3, 892.97
1663144586, 0, 126, 287, 277, 27, 0.43%, 17, 0, 3, 882.54
1663144597, 0, 131, 287, 276, 26, 0.43%, 17, 0, 3, 895.61
1663144607, 0, 143, 288, 275, 24, 0.43%, 17, 0, 3, 892.48
1663144617, 0, 153, 288, 274, 23, 0.43%, 17, 0, 3, 882.68
1663144627, 0, 162, 288, 273, 22, 0.43%, 17, 0, 3, 879.69
1663144637, 0, 167, 288, 272, 21, 0.43%, 17, 0, 3, 883.32
1663144647, 0, 187, 288, 271, 20, 0.43%, 17, 0, 3, 877.71
1663144653, 0, 187, 291, 274, 20, 0.44%, 17, 0, 3, 886.16
1663144658, 0, 202, 292, 274, 20, 0.44%, 17, 0, 3, 873.95
1663144673, 0, 208, 292, 273, 19, 0.44%, 17, 0, 3, 885.89
1663144678, 0, 223, 293, 273, 18, 0.44%, 17, 0, 3, 878.19
1663144693, 0, 223, 296, 276, 18, 0.44%, 18, 0, 3, 786.16
1663144698, 0, 223, 297, 277, 18, 0.44%, 18, 0, 3, 811.31
1663144703, 0, 223, 298, 278, 18, 0.44%, 18, 0, 3, 809.67
1663144708, 0, 223, 299, 279, 18, 0.44%, 19, 0, 3, 809.44
1663144713, 0, 223, 300, 280, 18, 0.44%, 19, 0, 3, 811.49
1663144724, 0, 223, 301, 281, 18, 0.44%, 19, 0, 3, 822.19
1663144734, 0, 224, 301, 280, 16, 0.44%, 19, 0, 3, 692.04
1663144754, 0, 228, 302, 279, 16, 0.44%, 19, 0, 3, 849.06
1663144759, 0, 244, 303, 279, 15, 0.45%, 19, 0, 3, 800.09
1663144780, 0, 244, 305, 281, 15, 0.45%, 19, 0, 3, 727.18
1663144785, 0, 244, 312, 288, 15, 0.45%, 20, 0, 3, 775.03
1663144795, 0, 244, 313, 289, 15, 0.45%, 20, 0, 3, 780.26
1663144800, 0, 244, 317, 293, 15, 0.45%, 20, 0, 3, 771.43
1663144810, 0, 266, 318, 293, 16, 0.45%, 20, 0, 3, 797.90
1663144815, 0, 266, 319, 294, 16, 0.45%, 20, 0, 4, 862.26
1663144820, 0, 269, 319, 292, 14, 0.45%, 20, 0, 4, 871.45
1663144830, 0, 269, 320, 293, 14, 0.45%, 20, 0, 4, 859.57
1663144835, 0, 270, 320, 292, 13, 0.45%, 20, 0, 4, 864.42
1663144840, 0, 270, 324, 296, 13, 0.45%, 20, 0, 4, 868.16
1663144851, 0, 270, 328, 300, 13, 0.46%, 20, 0, 4, 854.32
1663144856, 0, 270, 330, 302, 13, 0.46%, 20, 0, 4, 857.94
1663144861, 0, 270, 331, 303, 13, 0.46%, 20, 0, 4, 878.24
1663144866, 0, 270, 332, 304, 13, 0.46%, 20, 0, 4, 889.43
1663144871, 0, 270, 333, 305, 13, 0.46%, 20, 0, 4, 892.24
1663144876, 0, 270, 334, 306, 13, 0.46%, 20, 0, 4, 892.48
1663144881, 0, 270, 335, 307, 13, 0.46%, 20, 0, 4, 892.79
1663144886, 0, 275, 335, 306, 14, 0.46%, 20, 0, 4, 883.73
1663144912, 0, 275, 338, 309, 14, 0.46%, 20, 0, 4, 894.58
1663144917, 0, 275, 341, 312, 14, 0.46%, 20, 0, 4, 891.76
1663144923, 0, 275, 342, 313, 14, 0.46%, 20, 0, 4, 892.06
1663144928, 0, 275, 343, 314, 14, 0.46%, 20, 0, 4, 891.58
1663144933, 0, 275, 344, 315, 14, 0.46%, 21, 0, 4, 895.02
1663144938, 0, 275, 345, 316, 14, 0.46%, 21, 0, 4, 889.09
