# unix_time, cycles_done, cur_path, paths_total, pending_total, pending_favs, map_size, unique_crashes, unique_hangs, max_depth, execs_per_sec
1662369586, 0, 0, 1, 1, 1, 0.30%, 0, 0, 1, 173.91
1662369591, 0, 0, 75, 75, 1, 0.49%, 0, 0, 2, 567.83
1662369596, 0, 0, 87, 87, 1, 0.51%, 0, 0, 2, 643.26
1662369601, 0, 0, 96, 96, 1, 0.51%, 0, 0, 2, 664.28
1662369606, 0, 0, 159, 159, 1, 0.52%, 0, 0, 2, 717.09
1662369611, 0, 0, 238, 238, 1, 0.56%, 0, 0, 2, 720.07
1662369616, 0, 0, 269, 269, 1, 0.57%, 0, 0, 2, 792.43
1662369621, 0, 0, 287, 287, 1, 0.59%, 0, 0, 2, 810.74
1662369626, 0, 0, 299, 299, 1, 0.61%, 0, 0, 2, 804.63
1662369631, 0, 0, 308, 308, 1, 0.61%, 0, 0, 2, 812.99
1662369637, 0, 0, 316, 316, 1, 0.61%, 0, 0, 2, 811.25
1662369642, 0, 0, 318, 318, 1, 0.61%, 0, 0, 2, 810.37
1662369647, 0, 0, 326, 326, 1, 0.61%, 0, 0, 2, 812.06
1662369652, 0, 4, 326, 325, 46, 0.61%, 0, 0, 2, 858.76
1662369657, 0, 24, 326, 324, 45, 0.61%, 0, 0, 2, 866.52
1662369677, 0, 24, 329, 327, 45, 0.62%, 0, 0, 3, 740.36
1662369682, 0, 24, 332, 330, 45, 0.62%, 0, 0, 3, 790.11
1662369687, 0, 24, 339, 337, 45, 0.62%, 0, 0, 3, 798.02
1662369692, 0, 24, 340, 338, 45, 0.62%, 0, 0, 3, 801.98
1662369697, 0, 24, 343, 341, 45, 0.62%, 0, 0, 3, 804.00
1662369703, 0, 24, 346, 344, 45, 0.62%, 0, 0, 3, 796.41
1662369708, 0, 27, 348, 345, 46, 0.62%, 0, 0, 3, 834.33
1662369723, 0, 29, 348, 344, 45, 0.62%, 0, 0, 3, 780.90
1662369743, 0, 29, 352, 348, 45, 0.62%, 0, 0, 3, 782.42
1662369748, 0, 29, 354, 350, 45, 0.62%, 0, 0, 3, 801.61
1662369753, 0, 29, 356, 352, 45, 0.62%, 0, 0, 3, 800.65
1662369758, 0, 29, 360, 356, 45, 0.62%, 0, 0, 3, 806.12
1662369774, 0, 61, 360, 355, 46, 0.62%, 0, 0, 3, 701.96
1662369789, 0, 61, 361, 356, 46, 0.62%, 0, 0, 3, 729.59
1662369794, 0, 67, 361, 355, 45, 0.62%, 0, 0, 3, 713.74
1662369815, 0, 85, 362, 355, 45, 0.62%, 0, 0, 3, 728.64
1662369835, 0, 85, 365, 358, 45, 0.63%, 0, 0, 3, 764.24
1662369840, 0, 85, 369, 362, 45, 0.63%, 0, 0, 3, 799.39
1662369850, 0, 85, 371, 364, 45, 0.63%, 0, 0, 3, 807.75
1662369855, 0, 85, 373, 366, 45, 0.63%, 0, 0, 3, 817.44
1662369866, 0, 126, 374, 365, 46, 0.63%, 0, 0, 3, 761.15
1662369881, 0, 135, 374, 363, 44, 0.63%, 0, 0, 3, 817.12
