# unix_time, cycles_done, cur_path, paths_total, pending_total, pending_favs, map_size, unique_crashes, unique_hangs, max_depth, execs_per_sec
1663135832, 0, 0, 1, 1, 1, 0.30%, 0, 0, 1, 186.05
1663135837, 0, 0, 75, 75, 1, 0.49%, 0, 0, 2, 569.16
1663135842, 0, 0, 86, 86, 1, 0.50%, 1, 0, 2, 644.66
1663135847, 0, 0, 95, 95, 1, 0.50%, 1, 0, 2, 661.40
1663135852, 0, 0, 158, 158, 1, 0.50%, 2, 0, 2, 713.87
1663135857, 0, 0, 235, 235, 1, 0.58%, 6, 0, 2, 716.81
1663135862, 0, 0, 258, 258, 1, 0.58%, 9, 0, 2, 789.68
1663135867, 0, 0, 275, 275, 1, 0.59%, 12, 0, 2, 803.99
1663135872, 0, 0, 288, 288, 1, 0.59%, 12, 0, 2, 807.98
1663135878, 0, 0, 298, 298, 1, 0.59%, 14, 0, 2, 814.01
1663135883, 0, 0, 300, 300, 1, 0.59%, 16, 0, 2, 809.78
1663135888, 0, 0, 306, 306, 1, 0.59%, 17, 0, 2, 809.13
1663135893, 0, 0, 313, 313, 1, 0.59%, 18, 0, 2, 805.54
1663135898, 0, 5, 314, 313, 44, 0.59%, 18, 0, 2, 852.23
1663135908, 0, 28, 314, 312, 43, 0.59%, 18, 0, 2, 762.89
1663135918, 0, 28, 314, 312, 43, 0.59%, 19, 0, 2, 676.55
1663135928, 0, 38, 314, 311, 42, 0.59%, 19, 0, 2, 699.69
1663135933, 0, 38, 315, 312, 42, 0.59%, 19, 0, 3, 676.35
1663135949, 0, 38, 326, 323, 42, 0.60%, 21, 0, 3, 784.39
1663135954, 0, 38, 329, 326, 42, 0.60%, 21, 0, 3, 805.47
1663135959, 0, 38, 335, 332, 42, 0.61%, 22, 0, 3, 809.62
1663135964, 0, 38, 338, 335, 42, 0.61%, 23, 0, 3, 810.88
1663135969, 0, 38, 339, 336, 42, 0.61%, 23, 0, 3, 811.28
1663135979, 0, 45, 339, 335, 43, 0.61%, 23, 0, 3, 688.42
1663135995, 0, 62, 340, 335, 43, 0.61%, 23, 0, 3, 751.48
1663136005, 0, 62, 340, 335, 43, 0.61%, 24, 0, 3, 665.87
1663136015, 0, 66, 340, 334, 42, 0.61%, 24, 0, 3, 762.33
1663136025, 0, 66, 340, 334, 42, 0.61%, 25, 0, 3, 869.47
1663136030, 0, 66, 343, 337, 42, 0.61%, 25, 0, 3, 874.74
1663136035, 0, 66, 346, 340, 42, 0.61%, 26, 0, 3, 871.65
1663136040, 0, 66, 350, 344, 42, 0.62%, 26, 0, 3, 865.69
1663136045, 0, 66, 351, 345, 42, 0.62%, 26, 0, 3, 876.91
1663136050, 0, 66, 352, 346, 42, 0.62%, 26, 0, 3, 873.87
1663136056, 0, 66, 356, 350, 42, 0.63%, 26, 0, 3, 871.82
1663136061, 0, 76, 356, 349, 44, 0.63%, 26, 0, 3, 717.05
1663136066, 0, 76, 356, 349, 44, 0.63%, 27, 0, 3, 682.67
1663136076, 0, 76, 358, 351, 44, 0.63%, 27, 0, 3, 718.76
1663136086, 0, 84, 358, 350, 42, 0.63%, 27, 0, 3, 690.67
1663136107, 0, 104, 358, 348, 41, 0.63%, 27, 0, 3, 836.87
1663136112, 0, 118, 358, 347, 40, 0.63%, 27, 0, 3, 869.05
1663136117, 0, 127, 358, 346, 39, 0.63%, 27, 0, 3, 721.84
1663136127, 0, 136, 358, 345, 38, 0.63%, 27, 0, 3, 800.74
1663136132, 0, 162, 358, 344, 37, 0.63%, 27, 0, 3, 855.96
1663136142, 0, 165, 358, 343, 37, 0.63%, 27, 0, 3, 847.42
1663136147, 0, 186, 358, 342, 36, 0.63%, 27, 0, 3, 876.48
1663136167, 0, 186, 361, 345, 36, 0.63%, 27, 0, 3, 878.26
1663136173, 0, 186, 362, 346, 36, 0.63%, 27, 0, 3, 875.08
1663136178, 0, 186, 363, 347, 36, 0.63%, 27, 0, 3, 864.12
1663136183, 0, 186, 366, 350, 36, 0.63%, 27, 0, 3, 864.80
1663136198, 0, 186, 368, 352, 36, 0.63%, 27, 0, 3, 867.21
1663136203, 0, 186, 369, 353, 36, 0.63%, 27, 0, 3, 872.53
1663136208, 0, 196, 369, 352, 36, 0.63%, 27, 0, 3, 876.48
1663136218, 0, 196, 370, 353, 36, 0.63%, 27, 0, 3, 877.80
1663136223, 0, 198, 370, 352, 35, 0.63%, 27, 0, 3, 705.28
1663136234, 0, 198, 370, 352, 35, 0.63%, 28, 0, 3, 657.47
1663136244, 0, 198, 373, 355, 35, 0.63%, 28, 0, 3, 712.63
1663136249, 0, 198, 375, 357, 35, 0.63%, 28, 0, 3, 759.98
1663136254, 0, 198, 375, 357, 35, 0.63%, 29, 0, 3, 771.44
1663136259, 0, 198, 376, 358, 35, 0.63%, 29, 0, 3, 771.34
1663136264, 0, 198, 378, 360, 35, 0.63%, 29, 0, 3, 772.29
1663136274, 0, 198, 381, 363, 35, 0.63%, 29, 0, 3, 770.24
1663136279, 0, 198, 382, 364, 35, 0.63%, 29, 0, 3, 773.02
1663136284, 0, 201, 382, 363, 34, 0.63%, 29, 0, 3, 783.11
1663136289, 0, 205, 385, 365, 33, 0.63%, 29, 0, 3, 864.83
1663136294, 0, 205, 386, 366, 33, 0.63%, 30, 0, 3, 877.11
1663136305, 0, 205, 402, 382, 33, 0.64%, 30, 0, 3, 881.21
1663136310, 0, 205, 403, 383, 33, 0.64%, 30, 0, 3, 878.65
1663136315, 0, 205, 407, 387, 33, 0.64%, 30, 0, 3, 874.82
1663136320, 0, 205, 408, 388, 33, 0.64%, 30, 0, 3, 873.94
1663136325, 0, 205, 410, 390, 33, 0.64%, 31, 0, 3, 868.49
1663136330, 0, 205, 411, 391, 33, 0.64%, 31, 0, 3, 869.32
1663136345, 0, 208, 411, 390, 36, 0.64%, 31, 0, 3, 872.41
1663136350, 0, 208, 412, 391, 36, 0.64%, 31, 0, 3, 878.00
1663136355, 0, 208, 416, 395, 36, 0.64%, 31, 0, 3, 876.63
1663136360, 0, 208, 419, 398, 36, 0.64%, 31, 0, 3, 874.71
1663136365, 0, 208, 419, 398, 36, 0.64%, 32, 0, 3, 876.22
1663136376, 0, 208, 421, 400, 36, 0.64%, 32, 0, 3, 874.49
1663136391, 0, 211, 421, 399, 36, 0.64%, 32, 0, 3, 882.41
1663136401, 0, 214, 422, 399, 35, 0.64%, 32, 0, 3, 883.99
1663136411, 0, 215, 422, 398, 34, 0.64%, 32, 0, 3, 883.68
1663136416, 0, 215, 423, 399, 34, 0.64%, 32, 0, 3, 884.49
1663136421, 0, 234, 423, 397, 33, 0.64%, 32, 0, 3, 883.27
1663136426, 0, 236, 423, 396, 32, 0.64%, 32, 0, 3, 883.66
