# unix_time, cycles_done, cur_path, paths_total, pending_total, pending_favs, map_size, unique_crashes, unique_hangs, max_depth, execs_per_sec
1662919194, 0, 0, 1, 1, 1, 0.27%, 0, 0, 1, 177.78
1662919199, 0, 0, 62, 62, 1, 0.40%, 0, 0, 2, 570.02
1662919204, 0, 0, 70, 70, 1, 0.42%, 0, 0, 2, 646.94
1662919209, 0, 0, 78, 78, 1, 0.42%, 0, 0, 2, 664.25
1662919214, 0, 0, 141, 141, 1, 0.44%, 0, 0, 2, 682.80
1662919219, 0, 0, 216, 216, 1, 0.44%, 2, 0, 2, 726.95
1662919224, 0, 0, 240, 240, 1, 0.45%, 3, 0, 2, 795.47
1662919229, 0, 0, 255, 255, 1, 0.45%, 3, 0, 2, 812.73
1662919234, 0, 0, 264, 264, 1, 0.45%, 4, 0, 2, 807.08
1662919239, 0, 0, 272, 272, 1, 0.45%, 6, 0, 2, 804.51
1662919244, 0, 0, 278, 278, 1, 0.45%, 6, 0, 2, 811.76
1662919250, 0, 0, 284, 284, 1, 0.45%, 6, 0, 2, 807.54
