# unix_time, cycles_done, cur_path, paths_total, pending_total, pending_favs, map_size, unique_crashes, unique_hangs, max_depth, execs_per_sec
1662900050, 0, 0, 1, 1, 1, 0.30%, 0, 0, 1, 177.78
1662900055, 0, 0, 76, 76, 1, 0.49%, 0, 0, 2, 576.13
1662900060, 0, 0, 86, 86, 1, 0.50%, 1, 0, 2, 662.93
1662900065, 0, 0, 95, 95, 1, 0.50%, 1, 0, 2, 672.96
1662900070, 0, 0, 172, 172, 1, 0.51%, 2, 0, 2, 736.17
1662900075, 0, 0, 245, 245, 1, 0.54%, 5, 0, 2, 797.05
1662900080, 0, 0, 275, 275, 1, 0.55%, 8, 0, 2, 819.35
1662900086, 0, 0, 295, 295, 1, 0.58%, 11, 0, 2, 823.36
1662900091, 0, 0, 303, 303, 1, 0.59%, 13, 0, 2, 831.52
1662900096, 0, 0, 312, 312, 1, 0.59%, 15, 0, 2, 828.81
1662900101, 0, 0, 319, 319, 1, 0.59%, 16, 0, 2, 831.81
1662900124, 0, 0, 321, 321, 1, 0.59%, 17, 0, 2, 0.80
1662900129, 0, 0, 326, 326, 1, 0.59%, 18, 0, 2, 822.71
1662900134, 0, 5, 327, 326, 43, 0.59%, 18, 0, 2, 850.83
1662900144, 0, 28, 327, 325, 42, 0.59%, 18, 0, 2, 783.73
1662900155, 0, 28, 327, 325, 42, 0.59%, 19, 0, 2, 691.38
1662900165, 0, 28, 330, 328, 42, 0.59%, 19, 0, 3, 789.63
1662900170, 0, 28, 332, 330, 42, 0.59%, 19, 0, 3, 820.56
1662900175, 0, 28, 336, 334, 42, 0.60%, 20, 0, 3, 828.35
1662900180, 0, 28, 338, 336, 42, 0.60%, 21, 0, 3, 816.76
1662900185, 0, 28, 342, 340, 42, 0.60%, 23, 0, 3, 823.62
1662900190, 0, 56, 344, 341, 43, 0.60%, 23, 0, 3, 834.94
1662900195, 0, 56, 346, 343, 43, 0.60%, 23, 0, 3, 885.72
1662900205, 0, 56, 353, 350, 43, 0.60%, 24, 0, 3, 889.31
1662900210, 0, 56, 355, 352, 43, 0.60%, 26, 0, 3, 878.23
1662900216, 0, 56, 360, 357, 43, 0.61%, 26, 0, 3, 891.70
1662900221, 0, 56, 361, 358, 43, 0.61%, 27, 0, 3, 895.54
1662900226, 0, 56, 363, 360, 43, 0.61%, 27, 0, 3, 890.18
1662900231, 0, 56, 365, 362, 43, 0.62%, 27, 0, 3, 893.86
1662900236, 0, 56, 366, 363, 43, 0.62%, 27, 0, 3, 883.46
1662900241, 0, 66, 367, 363, 46, 0.62%, 27, 0, 3, 889.88
1662900252, 0, 66, 367, 363, 46, 0.62%, 28, 0, 3, 891.18
1662900257, 0, 66, 372, 368, 46, 0.62%, 28, 0, 3, 889.02
1662900267, 0, 66, 373, 369, 46, 0.62%, 28, 0, 3, 890.11
1662900272, 0, 66, 374, 370, 46, 0.62%, 28, 0, 3, 889.78
1662900282, 0, 72, 376, 371, 45, 0.62%, 28, 0, 3, 831.74
1662900303, 0, 85, 376, 370, 44, 0.62%, 28, 0, 3, 708.93
1662900323, 0, 106, 376, 368, 42, 0.62%, 28, 0, 3, 844.89
1662900333, 0, 127, 376, 366, 40, 0.62%, 28, 0, 3, 892.36
1662900338, 0, 127, 376, 366, 40, 0.62%, 29, 0, 3, 890.04
1662900344, 0, 145, 376, 364, 38, 0.62%, 29, 0, 3, 896.82
