# unix_time, cycles_done, cur_path, paths_total, pending_total, pending_favs, map_size, unique_crashes, unique_hangs, max_depth, execs_per_sec
1662918849, 0, 0, 1, 1, 1, 0.28%, 0, 0, 1, 173.91
1662918854, 0, 0, 61, 61, 1, 0.41%, 0, 0, 2, 554.39
1662918859, 0, 0, 70, 70, 1, 0.42%, 0, 0, 2, 635.31
1662918864, 0, 0, 78, 78, 1, 0.43%, 0, 0, 2, 660.22
1662918869, 0, 0, 135, 135, 1, 0.43%, 0, 0, 2, 709.34
1662918874, 0, 0, 218, 218, 1, 0.44%, 2, 0, 2, 781.89
1662918880, 0, 0, 246, 246, 1, 0.45%, 2, 0, 2, 801.01
1662918885, 0, 0, 268, 268, 1, 0.46%, 2, 0, 2, 806.20
1662918890, 0, 0, 284, 284, 1, 0.47%, 2, 0, 2, 796.07
1662918895, 0, 0, 290, 290, 1, 0.47%, 3, 0, 2, 796.99
1662918900, 0, 0, 296, 296, 1, 0.47%, 4, 0, 2, 799.16
1662918905, 0, 0, 301, 301, 1, 0.47%, 4, 0, 2, 806.11
