# unix_time, cycles_done, cur_path, paths_total, pending_total, pending_favs, map_size, unique_crashes, unique_hangs, max_depth, execs_per_sec
1663127857, 0, 0, 1, 1, 1, 0.30%, 0, 0, 1, 200.00
1663127862, 0, 0, 75, 75, 1, 0.49%, 0, 0, 2, 575.14
1663127867, 0, 0, 86, 86, 1, 0.51%, 0, 0, 2, 649.46
1663127872, 0, 0, 96, 96, 1, 0.51%, 0, 0, 2, 676.20
1663127877, 0, 0, 162, 162, 1, 0.53%, 0, 0, 2, 720.31
1663127883, 0, 0, 249, 249, 1, 0.59%, 0, 0, 2, 800.56
1663127888, 0, 0, 275, 275, 1, 0.59%, 0, 0, 2, 814.45
1663127893, 0, 0, 286, 286, 1, 0.59%, 0, 0, 2, 820.63
1663127898, 0, 0, 297, 297, 1, 0.59%, 0, 0, 2, 823.90
1663127903, 0, 0, 304, 304, 1, 0.59%, 0, 0, 2, 827.41
1663127908, 0, 0, 310, 310, 1, 0.60%, 0, 0, 2, 821.83
1663127913, 0, 0, 316, 316, 1, 0.61%, 0, 0, 2, 819.77
1663127918, 0, 0, 319, 319, 1, 0.61%, 0, 0, 2, 826.61
1663127923, 0, 5, 319, 318, 49, 0.61%, 0, 0, 2, 872.66
1663127933, 0, 18, 319, 317, 48, 0.61%, 0, 0, 2, 739.42
1663127949, 0, 18, 323, 321, 48, 0.62%, 0, 0, 3, 747.24
1663127954, 0, 18, 331, 329, 48, 0.63%, 0, 0, 3, 806.61
1663127959, 0, 18, 333, 331, 48, 0.63%, 0, 0, 3, 813.89
1663127964, 0, 18, 336, 334, 48, 0.63%, 0, 0, 3, 824.39
1663127969, 0, 18, 338, 336, 48, 0.63%, 0, 0, 3, 824.42
1663127974, 0, 18, 339, 337, 48, 0.63%, 0, 0, 3, 822.27
1663127979, 0, 48, 342, 339, 48, 0.63%, 0, 0, 3, 752.17
1663128000, 0, 54, 342, 338, 47, 0.63%, 0, 0, 3, 846.07
1663128010, 0, 66, 342, 337, 47, 0.63%, 0, 0, 3, 891.67
1663128015, 0, 66, 343, 338, 47, 0.63%, 0, 0, 3, 891.38
1663128025, 0, 66, 349, 344, 47, 0.63%, 0, 0, 3, 893.70
1663128030, 0, 66, 351, 346, 47, 0.63%, 0, 0, 3, 893.11
1663128035, 0, 66, 352, 347, 47, 0.63%, 0, 0, 3, 885.87
1663128041, 0, 66, 354, 349, 47, 0.63%, 0, 0, 3, 883.61
1663128046, 0, 66, 355, 350, 47, 0.63%, 0, 0, 3, 884.37
1663128051, 0, 73, 356, 350, 48, 0.63%, 0, 0, 3, 880.16
1663128071, 0, 85, 356, 349, 47, 0.63%, 0, 0, 3, 713.14
1663128092, 0, 86, 356, 348, 46, 0.63%, 0, 0, 3, 717.97
1663128112, 0, 97, 356, 347, 45, 0.63%, 0, 0, 3, 832.98
1663128117, 0, 118, 356, 345, 43, 0.63%, 0, 0, 3, 726.07
1663128137, 0, 118, 360, 349, 43, 0.63%, 0, 0, 3, 797.93
1663128142, 0, 118, 361, 350, 43, 0.63%, 0, 0, 3, 815.40
1663128147, 0, 118, 362, 351, 43, 0.64%, 0, 0, 3, 824.48
1663128152, 0, 118, 364, 353, 43, 0.64%, 0, 0, 3, 821.01
1663128157, 0, 118, 365, 354, 43, 0.64%, 0, 0, 3, 828.42
1663128162, 0, 122, 365, 353, 41, 0.64%, 0, 0, 3, 849.38
1663128178, 0, 162, 365, 350, 38, 0.64%, 0, 0, 3, 901.55
1663128183, 0, 169, 365, 349, 37, 0.64%, 0, 0, 3, 898.78
1663128188, 0, 169, 366, 350, 37, 0.64%, 0, 0, 3, 894.79
1663128193, 0, 169, 369, 353, 37, 0.64%, 0, 0, 3, 898.05
1663128198, 0, 169, 370, 354, 37, 0.64%, 0, 0, 3, 896.06
1663128203, 0, 169, 371, 355, 37, 0.64%, 0, 0, 3, 900.02
1663128213, 0, 169, 372, 356, 37, 0.64%, 0, 0, 3, 897.16
1663128224, 0, 181, 372, 355, 36, 0.64%, 0, 0, 3, 889.22
1663128234, 0, 187, 372, 354, 35, 0.64%, 0, 0, 3, 896.02
1663128249, 0, 197, 374, 355, 34, 0.64%, 0, 0, 3, 893.41
1663128260, 0, 217, 374, 354, 34, 0.64%, 0, 0, 3, 903.65
1663128265, 0, 235, 374, 352, 32, 0.64%, 0, 0, 3, 897.20
1663128280, 0, 247, 374, 351, 31, 0.64%, 0, 0, 3, 731.70
1663128290, 0, 251, 379, 355, 30, 0.64%, 0, 0, 3, 827.61
1663128295, 0, 265, 381, 355, 28, 0.64%, 0, 0, 3, 884.18
1663128305, 0, 270, 381, 353, 26, 0.64%, 0, 0, 3, 896.29
1663128321, 0, 271, 381, 352, 25, 0.64%, 0, 0, 3, 783.27
1663128331, 0, 271, 382, 353, 25, 0.64%, 0, 0, 3, 717.89
1663128336, 0, 271, 389, 360, 25, 0.64%, 0, 0, 3, 810.81
1663128341, 0, 271, 392, 363, 25, 0.64%, 0, 0, 3, 828.89
1663128346, 0, 271, 393, 364, 25, 0.64%, 0, 0, 3, 842.37
1663128352, 0, 271, 395, 366, 25, 0.64%, 0, 0, 3, 837.22
1663128357, 0, 271, 397, 368, 25, 0.64%, 0, 0, 3, 847.04
1663128362, 0, 273, 399, 369, 27, 0.64%, 0, 0, 3, 866.51
1663128382, 0, 276, 399, 368, 27, 0.64%, 0, 0, 3, 766.25
1663128403, 0, 288, 399, 367, 26, 0.64%, 0, 0, 3, 843.29
1663128413, 0, 288, 401, 369, 26, 0.64%, 0, 0, 3, 900.74
1663128418, 0, 289, 401, 368, 26, 0.64%, 0, 0, 3, 901.07
1663128423, 0, 296, 401, 367, 25, 0.64%, 0, 0, 3, 902.18
1663128433, 0, 296, 404, 370, 25, 0.64%, 0, 0, 3, 897.29
1663128444, 0, 301, 404, 368, 23, 0.64%, 0, 0, 3, 898.79
1663128449, 0, 304, 404, 367, 22, 0.64%, 0, 0, 3, 902.19
