# unix_time, cycles_done, cur_path, paths_total, pending_total, pending_favs, map_size, unique_crashes, unique_hangs, max_depth, execs_per_sec
1662917774, 0, 0, 1, 1, 1, 0.31%, 0, 0, 1, 186.05
1662917779, 0, 0, 74, 74, 1, 0.51%, 0, 0, 2, 567.35
1662917784, 0, 0, 84, 84, 1, 0.51%, 0, 0, 2, 631.06
1662917789, 0, 0, 94, 94, 1, 0.52%, 1, 0, 2, 660.73
1662917794, 0, 0, 152, 152, 1, 0.54%, 2, 0, 2, 712.03
1662917800, 0, 0, 248, 248, 1, 0.57%, 5, 0, 2, 748.53
1662917805, 0, 0, 279, 279, 1, 0.58%, 10, 0, 2, 792.99
1662917810, 0, 0, 292, 292, 1, 0.58%, 12, 0, 2, 806.91
1662917815, 0, 0, 301, 301, 1, 0.58%, 14, 0, 2, 812.25
1662917820, 0, 0, 310, 310, 1, 0.61%, 18, 0, 2, 816.02
1662917825, 0, 0, 313, 313, 1, 0.61%, 20, 0, 2, 818.02
