# unix_time, cycles_done, cur_path, paths_total, pending_total, pending_favs, map_size, unique_crashes, unique_hangs, max_depth, execs_per_sec
1662917564, 0, 0, 1, 1, 1, 0.30%, 0, 0, 1, 170.21
1662917570, 0, 0, 75, 75, 1, 0.49%, 0, 0, 2, 568.55
1662917575, 0, 0, 87, 87, 1, 0.51%, 0, 0, 2, 648.41
1662917580, 0, 0, 96, 96, 1, 0.51%, 0, 0, 2, 661.78
1662917585, 0, 0, 159, 159, 1, 0.53%, 0, 0, 2, 705.97
1662917590, 0, 0, 240, 240, 1, 0.56%, 0, 0, 2, 699.26
1662917595, 0, 0, 268, 268, 1, 0.58%, 0, 0, 2, 782.16
1662917600, 0, 0, 283, 283, 1, 0.58%, 0, 0, 2, 799.25
1662917605, 0, 0, 292, 292, 1, 0.58%, 0, 0, 2, 814.25
1662917610, 0, 0, 297, 297, 1, 0.58%, 0, 0, 2, 809.42
1662917615, 0, 0, 305, 305, 1, 0.58%, 0, 0, 2, 810.58
