# unix_time, cycles_done, cur_path, paths_total, pending_total, pending_favs, map_size, unique_crashes, unique_hangs, max_depth, execs_per_sec
1663231435, 0, 0, 1, 1, 1, 0.30%, 0, 0, 1, 177.78
1663231440, 0, 0, 75, 75, 1, 0.49%, 0, 0, 2, 563.02
1663231445, 0, 0, 85, 85, 1, 0.49%, 0, 0, 2, 638.91
1663231450, 0, 0, 95, 95, 1, 0.50%, 1, 0, 2, 663.47
1663231455, 0, 0, 145, 145, 1, 0.51%, 2, 0, 2, 706.92
1663231460, 0, 0, 230, 230, 1, 0.54%, 5, 0, 2, 715.70
1663231466, 0, 0, 260, 260, 1, 0.56%, 8, 0, 2, 786.11
1663231471, 0, 0, 273, 273, 1, 0.56%, 9, 0, 2, 806.14
1663231476, 0, 0, 286, 286, 1, 0.56%, 11, 0, 2, 807.11
1663231481, 0, 0, 294, 294, 1, 0.56%, 13, 0, 2, 804.08
1663231486, 0, 0, 301, 301, 1, 0.56%, 14, 0, 2, 807.13
1663231491, 0, 0, 310, 310, 1, 0.57%, 17, 0, 2, 810.74
1663231496, 0, 0, 317, 317, 1, 0.57%, 17, 0, 2, 811.30
1663231501, 0, 24, 320, 319, 46, 0.58%, 18, 0, 2, 710.82
1663231511, 0, 24, 320, 319, 46, 0.58%, 19, 0, 2, 674.00
1663231521, 0, 24, 330, 329, 46, 0.59%, 19, 0, 3, 775.56
1663231527, 0, 24, 331, 330, 46, 0.59%, 19, 0, 3, 792.06
1663231532, 0, 24, 333, 332, 46, 0.59%, 20, 0, 3, 789.24
1663231537, 0, 24, 337, 336, 46, 0.59%, 20, 0, 3, 794.19
1663231542, 0, 24, 338, 337, 46, 0.59%, 20, 0, 3, 792.86
1663231547, 0, 28, 339, 337, 45, 0.59%, 20, 0, 3, 786.87
1663231557, 0, 28, 339, 337, 45, 0.59%, 21, 0, 3, 658.90
1663231568, 0, 28, 340, 338, 45, 0.59%, 21, 0, 3, 719.05
1663231573, 0, 31, 340, 337, 44, 0.59%, 21, 0, 3, 806.24
1663231578, 0, 31, 340, 337, 44, 0.59%, 22, 0, 3, 839.72
1663231588, 0, 38, 341, 337, 43, 0.59%, 22, 0, 3, 763.13
1663231598, 0, 38, 342, 338, 43, 0.60%, 22, 0, 3, 662.17
1663231608, 0, 38, 346, 342, 43, 0.60%, 22, 0, 3, 767.11
1663231613, 0, 38, 350, 346, 43, 0.60%, 24, 0, 3, 803.00
1663231619, 0, 38, 351, 347, 43, 0.61%, 24, 0, 3, 814.38
1663231624, 0, 38, 352, 348, 43, 0.61%, 26, 0, 3, 809.23
1663231629, 0, 38, 358, 354, 43, 0.61%, 27, 0, 3, 805.84
1663231639, 0, 49, 359, 354, 44, 0.61%, 27, 0, 3, 711.44
1663231654, 0, 49, 360, 355, 44, 0.61%, 27, 0, 3, 704.08
1663231660, 0, 56, 360, 354, 43, 0.61%, 27, 0, 3, 826.17
1663231675, 0, 62, 360, 353, 42, 0.61%, 27, 0, 3, 724.73
1663231695, 0, 66, 360, 352, 42, 0.61%, 27, 0, 3, 830.44
1663231700, 0, 66, 360, 352, 42, 0.61%, 28, 0, 3, 865.43
1663231711, 0, 73, 360, 351, 41, 0.61%, 28, 0, 3, 711.51
1663231726, 0, 76, 360, 350, 40, 0.61%, 28, 0, 3, 712.81
1663231736, 0, 76, 360, 350, 40, 0.61%, 29, 0, 3, 667.35
1663231747, 0, 76, 364, 354, 40, 0.61%, 29, 0, 3, 744.88
1663231752, 0, 76, 365, 355, 40, 0.61%, 30, 0, 3, 791.03
1663231757, 0, 76, 366, 356, 40, 0.61%, 30, 0, 3, 806.74
1663231762, 0, 76, 366, 356, 40, 0.61%, 31, 0, 3, 807.68
1663231777, 0, 101, 367, 355, 38, 0.61%, 31, 0, 3, 847.19
1663231782, 0, 139, 367, 353, 36, 0.61%, 31, 0, 3, 871.06
1663231798, 0, 139, 368, 354, 36, 0.61%, 31, 0, 3, 872.17
1663231808, 0, 139, 370, 356, 36, 0.61%, 31, 0, 3, 871.59
1663231813, 0, 139, 373, 359, 36, 0.62%, 32, 0, 3, 871.11
1663231818, 0, 139, 374, 360, 36, 0.62%, 32, 0, 3, 871.28
1663231823, 0, 139, 376, 362, 36, 0.62%, 32, 0, 3, 869.12
1663231828, 0, 139, 379, 365, 36, 0.62%, 33, 0, 3, 865.83
1663231833, 0, 139, 380, 366, 36, 0.62%, 33, 0, 3, 865.84
1663231839, 0, 139, 381, 367, 36, 0.62%, 33, 0, 3, 871.02
1663231844, 0, 149, 382, 367, 38, 0.62%, 33, 0, 3, 871.17
1663231849, 0, 163, 382, 365, 36, 0.62%, 33, 0, 3, 883.34
1663231854, 0, 165, 382, 364, 35, 0.62%, 33, 0, 3, 872.86
1663231869, 0, 170, 383, 364, 34, 0.62%, 33, 0, 3, 873.37
1663231879, 0, 172, 383, 363, 33, 0.62%, 33, 0, 3, 878.85
1663231884, 0, 173, 384, 363, 32, 0.62%, 33, 0, 3, 823.53
1663231899, 0, 174, 384, 362, 31, 0.62%, 33, 0, 3, 846.48
1663231925, 0, 177, 384, 361, 31, 0.62%, 33, 0, 3, 875.17
1663231930, 0, 177, 384, 361, 31, 0.62%, 34, 0, 3, 880.47
1663231935, 0, 195, 384, 360, 30, 0.62%, 34, 0, 3, 877.29
1663231945, 0, 208, 384, 359, 29, 0.62%, 34, 0, 3, 871.61
1663231960, 0, 222, 384, 358, 28, 0.62%, 34, 0, 3, 876.55
1663231970, 0, 223, 388, 361, 27, 0.62%, 34, 0, 3, 873.37
1663231975, 0, 223, 389, 362, 27, 0.62%, 35, 0, 3, 872.91
1663231980, 0, 242, 389, 361, 27, 0.62%, 35, 0, 3, 773.83
1663231991, 0, 242, 389, 361, 27, 0.62%, 36, 0, 3, 663.63
1663232001, 0, 242, 390, 362, 27, 0.62%, 36, 0, 3, 713.14
1663232006, 0, 242, 391, 363, 27, 0.62%, 36, 0, 3, 766.25
1663232011, 0, 242, 392, 364, 27, 0.62%, 38, 0, 3, 771.47
1663232016, 0, 242, 393, 365, 27, 0.62%, 39, 0, 3, 780.91
1663232021, 0, 242, 394, 366, 27, 0.62%, 39, 0, 3, 784.54
1663232031, 0, 254, 395, 366, 27, 0.62%, 39, 0, 3, 789.75
1663232042, 0, 280, 395, 365, 26, 0.62%, 39, 0, 3, 856.08
1663232047, 0, 285, 395, 364, 25, 0.62%, 39, 0, 3, 877.09
1663232057, 0, 289, 397, 365, 24, 0.63%, 39, 0, 3, 873.71
1663232062, 0, 289, 398, 366, 24, 0.63%, 39, 0, 3, 874.23
1663232067, 0, 292, 398, 365, 24, 0.63%, 39, 0, 3, 879.05
1663232077, 0, 296, 398, 364, 23, 0.63%, 39, 0, 3, 700.41
1663232092, 0, 299, 398, 363, 22, 0.63%, 39, 0, 3, 781.64
1663232108, 0, 299, 400, 365, 22, 0.63%, 39, 0, 3, 867.53
1663232113, 0, 299, 403, 368, 22, 0.63%, 40, 0, 3, 871.70
1663232123, 0, 299, 404, 369, 22, 0.63%, 40, 0, 3, 871.36
1663232133, 0, 299, 405, 370, 22, 0.63%, 40, 0, 3, 871.90
1663232143, 0, 299, 406, 371, 22, 0.63%, 40, 0, 3, 871.65
1663232149, 0, 311, 406, 370, 24, 0.63%, 41, 0, 3, 880.64
1663232154, 0, 312, 406, 369, 23, 0.63%, 41, 0, 3, 873.98
1663232174, 0, 317, 410, 372, 22, 0.63%, 41, 0, 3, 873.44
1663232184, 0, 326, 410, 371, 23, 0.63%, 41, 0, 3, 882.65
1663232189, 0, 329, 410, 370, 22, 0.63%, 41, 0, 3, 820.97
1663232209, 0, 331, 410, 369, 21, 0.63%, 41, 0, 3, 708.14
1663232240, 0, 336, 411, 369, 20, 0.63%, 41, 0, 4, 753.67
1663232245, 0, 338, 411, 368, 19, 0.63%, 41, 0, 4, 845.52
1663232255, 0, 343, 411, 366, 17, 0.63%, 41, 0, 4, 868.89
1663232265, 0, 348, 411, 365, 16, 0.63%, 41, 0, 4, 873.97
1663232281, 0, 358, 412, 365, 15, 0.63%, 41, 0, 4, 880.61
1663232286, 0, 358, 412, 365, 15, 0.63%, 42, 0, 4, 873.53
1663232296, 0, 358, 413, 366, 15, 0.63%, 42, 0, 4, 869.68
1663232301, 0, 358, 415, 368, 15, 0.63%, 42, 0, 4, 874.07
1663232306, 0, 363, 415, 367, 17, 0.63%, 42, 0, 4, 873.63
1663232321, 0, 367, 416, 367, 16, 0.63%, 42, 0, 4, 877.56
1663232331, 0, 367, 417, 368, 16, 0.63%, 42, 0, 4, 870.93
1663232347, 0, 371, 417, 367, 16, 0.63%, 42, 0, 4, 877.96
1663232357, 0, 379, 417, 366, 15, 0.63%, 42, 0, 4, 878.43
1663232372, 0, 391, 419, 367, 14, 0.63%, 42, 0, 4, 744.66
1663232382, 0, 391, 420, 368, 14, 0.63%, 43, 0, 4, 655.28
1663232397, 0, 391, 423, 371, 14, 0.63%, 43, 0, 4, 740.27
1663232403, 0, 391, 426, 374, 14, 0.63%, 43, 0, 4, 754.73
1663232408, 0, 391, 428, 376, 14, 0.63%, 43, 0, 4, 761.15
1663232413, 0, 391, 430, 378, 14, 0.63%, 43, 0, 4, 762.52
1663232418, 0, 391, 431, 379, 14, 0.63%, 43, 0, 4, 759.60
1663232423, 0, 391, 432, 380, 14, 0.63%, 43, 0, 4, 758.77
1663232438, 0, 393, 433, 380, 16, 0.63%, 43, 0, 4, 703.94
1663232449, 0, 393, 433, 380, 16, 0.63%, 44, 0, 4, 659.30
1663232459, 0, 393, 436, 383, 16, 0.63%, 44, 0, 4, 759.94
1663232464, 0, 395, 437, 383, 15, 0.64%, 45, 0, 4, 790.16
1663232469, 0, 395, 438, 384, 15, 0.64%, 45, 0, 4, 854.90
1663232474, 0, 397, 439, 384, 15, 0.64%, 45, 0, 4, 872.80
1663232484, 0, 401, 440, 384, 14, 0.64%, 45, 0, 4, 867.25
1663232489, 0, 401, 442, 386, 14, 0.64%, 45, 0, 4, 875.63
1663232499, 0, 401, 445, 389, 14, 0.64%, 46, 0, 4, 872.59
1663232504, 0, 401, 447, 391, 14, 0.64%, 46, 0, 4, 873.42
1663232509, 0, 401, 448, 392, 14, 0.64%, 46, 0, 4, 875.92
1663232514, 0, 401, 449, 393, 14, 0.64%, 46, 0, 4, 873.85
1663232520, 0, 401, 451, 395, 14, 0.64%, 46, 0, 4, 870.37
1663232530, 0, 401, 452, 396, 14, 0.64%, 46, 0, 4, 874.03
1663232535, 0, 404, 454, 397, 13, 0.64%, 47, 0, 4, 870.01
1663232565, 0, 405, 454, 396, 13, 0.64%, 47, 0, 4, 875.60
1663232575, 0, 409, 454, 394, 13, 0.64%, 47, 0, 4, 875.59
1663232580, 0, 409, 456, 396, 13, 0.64%, 47, 0, 4, 877.61
1663232585, 0, 409, 457, 397, 13, 0.64%, 47, 0, 4, 879.19
1663232591, 0, 414, 457, 396, 12, 0.64%, 47, 0, 4, 879.60
1663232606, 0, 416, 457, 395, 11, 0.64%, 47, 0, 4, 871.41
1663232631, 0, 417, 457, 394, 10, 0.64%, 47, 0, 4, 711.40
1663232641, 0, 417, 457, 394, 10, 0.64%, 48, 0, 4, 655.88
1663232657, 0, 418, 457, 393, 9, 0.64%, 48, 0, 4, 675.25
1663232677, 0, 418, 457, 393, 9, 0.64%, 49, 0, 4, 688.32
1663232682, 0, 423, 458, 393, 8, 0.64%, 49, 0, 5, 826.87
1663232687, 0, 423, 458, 393, 8, 0.64%, 50, 0, 5, 867.46
1663232697, 0, 423, 459, 394, 8, 0.64%, 50, 0, 5, 865.79
1663232703, 0, 437, 459, 393, 7, 0.64%, 50, 0, 5, 868.18
1663232713, 0, 438, 459, 392, 6, 0.64%, 50, 0, 5, 870.92
1663232718, 0, 438, 464, 397, 6, 0.64%, 50, 0, 5, 863.12
1663232723, 0, 438, 466, 399, 6, 0.64%, 50, 0, 5, 864.94
1663232759, 0, 439, 466, 398, 5, 0.64%, 50, 0, 5, 874.77
1663232774, 0, 440, 466, 397, 4, 0.64%, 50, 0, 5, 876.76
1663232779, 0, 440, 467, 398, 4, 0.64%, 50, 0, 5, 873.04
1663232784, 0, 440, 467, 398, 4, 0.64%, 51, 0, 5, 876.01
1663232794, 0, 463, 468, 398, 3, 0.64%, 51, 0, 5, 869.91
1663232814, 0, 463, 470, 400, 3, 0.64%, 51, 0, 6, 869.56
1663232819, 0, 463, 471, 401, 3, 0.64%, 51, 0, 6, 874.66
1663232830, 1, 41, 471, 400, 3, 0.64%, 51, 0, 6, 799.28
1663232850, 1, 41, 479, 408, 3, 0.64%, 51, 0, 6, 783.43
1663232855, 1, 41, 482, 411, 3, 0.64%, 51, 0, 6, 809.11
1663232860, 1, 41, 485, 414, 3, 0.64%, 51, 0, 6, 817.83
1663232865, 1, 41, 487, 416, 3, 0.64%, 51, 0, 6, 814.94
1663232870, 1, 125, 489, 417, 4, 0.64%, 51, 0, 6, 846.35
1663232885, 1, 127, 490, 417, 3, 0.64%, 51, 0, 6, 875.36
1663232911, 1, 191, 491, 417, 3, 0.64%, 51, 0, 6, 874.23
1663232926, 1, 194, 491, 416, 3, 0.64%, 51, 0, 6, 874.95
1663232936, 1, 277, 491, 415, 2, 0.64%, 52, 0, 6, 878.24
1663232941, 1, 277, 492, 416, 2, 0.64%, 52, 0, 6, 876.82
1663232946, 1, 487, 493, 416, 1, 0.64%, 52, 0, 6, 863.87
1663232951, 1, 487, 495, 418, 1, 0.64%, 52, 0, 6, 866.28
1663232961, 1, 487, 498, 421, 1, 0.64%, 52, 0, 6, 874.37
1663232971, 1, 497, 498, 420, 1, 0.64%, 52, 0, 6, 873.47
1663232987, 2, 1, 498, 419, 0, 0.64%, 52, 0, 6, 719.96
1663233002, 2, 1, 510, 431, 0, 0.65%, 52, 0, 6, 713.07
1663233007, 2, 1, 520, 441, 0, 0.65%, 52, 0, 6, 778.38
1663233012, 2, 1, 528, 449, 0, 0.66%, 52, 0, 6, 784.36
1663233017, 2, 1, 529, 450, 0, 0.66%, 52, 0, 6, 798.53
1663233023, 2, 1, 532, 453, 0, 0.67%, 52, 0, 6, 796.01
1663233028, 2, 1, 534, 455, 0, 0.67%, 52, 0, 6, 799.70
1663233033, 2, 113, 536, 456, 7, 0.67%, 52, 0, 6, 776.79
1663233058, 2, 113, 539, 459, 7, 0.67%, 52, 0, 6, 747.13
1663233063, 2, 113, 542, 462, 7, 0.67%, 52, 0, 6, 802.99
1663233068, 2, 113, 544, 464, 7, 0.68%, 52, 0, 6, 815.48
1663233073, 2, 113, 545, 465, 7, 0.68%, 52, 0, 6, 817.80
1663233078, 2, 113, 548, 468, 7, 0.68%, 52, 0, 6, 811.17
1663233084, 2, 113, 550, 470, 7, 0.68%, 52, 0, 6, 818.74
1663233089, 2, 217, 552, 471, 12, 0.68%, 52, 0, 6, 845.56
1663233104, 2, 303, 553, 471, 12, 0.68%, 52, 0, 6, 864.28
1663233119, 2, 303, 554, 472, 12, 0.68%, 52, 0, 6, 861.02
1663233124, 2, 359, 554, 471, 11, 0.68%, 52, 0, 6, 875.64
1663233139, 2, 359, 555, 472, 11, 0.68%, 52, 0, 6, 873.11
1663233144, 2, 360, 555, 471, 11, 0.68%, 52, 0, 6, 873.57
1663233165, 2, 502, 555, 470, 11, 0.68%, 52, 0, 6, 856.42
1663233232, 2, 502, 555, 470, 11, 0.68%, 53, 0, 6, 860.08
1663233293, 2, 504, 555, 469, 11, 0.68%, 53, 0, 6, 657.96
1663234036, 2, 504, 555, 469, 11, 0.68%, 54, 0, 6, 570.65
1663234052, 2, 504, 559, 473, 11, 0.69%, 54, 0, 6, 587.78
1663234057, 2, 504, 563, 477, 11, 0.69%, 54, 0, 6, 590.15
1663234067, 2, 504, 565, 479, 11, 0.69%, 54, 0, 6, 590.43
1663234082, 2, 504, 566, 480, 11, 0.69%, 54, 0, 6, 590.27
1663234103, 2, 514, 566, 479, 14, 0.69%, 54, 0, 6, 592.12
1663234743, 2, 514, 567, 480, 14, 0.69%, 54, 0, 6, 622.81
1663234779, 2, 514, 567, 480, 14, 0.69%, 55, 0, 6, 626.85
1663234794, 2, 514, 572, 485, 14, 0.69%, 55, 0, 6, 623.64
1663234799, 2, 514, 575, 488, 14, 0.70%, 55, 0, 6, 629.59
1663234809, 2, 514, 576, 489, 14, 0.70%, 55, 0, 6, 632.92
1663234830, 2, 517, 577, 489, 16, 0.70%, 55, 0, 6, 584.28
1663234922, 2, 517, 577, 489, 16, 0.70%, 56, 0, 6, 561.39
