# unix_time, cycles_done, cur_path, paths_total, pending_total, pending_favs, map_size, unique_crashes, unique_hangs, max_depth, execs_per_sec
1662368062, 0, 0, 1, 1, 1, 0.30%, 0, 0, 1, 200.00
1662368067, 0, 0, 75, 75, 1, 0.49%, 0, 0, 2, 571.40
1662368072, 0, 0, 87, 87, 1, 0.51%, 0, 0, 2, 639.81
1662368078, 0, 0, 96, 96, 1, 0.51%, 0, 0, 2, 662.03
1662368083, 0, 0, 160, 160, 1, 0.54%, 0, 0, 2, 686.41
1662368088, 0, 0, 234, 234, 1, 0.56%, 0, 0, 2, 696.21
1662368093, 0, 0, 265, 265, 1, 0.57%, 0, 0, 2, 780.71
1662368098, 0, 0, 282, 282, 1, 0.58%, 0, 0, 2, 802.47
1662368103, 0, 0, 293, 293, 1, 0.58%, 0, 0, 2, 802.43
1662368108, 0, 0, 305, 305, 1, 0.60%, 0, 0, 2, 810.01
1662368113, 0, 0, 314, 314, 1, 0.61%, 0, 0, 2, 809.97
1662368118, 0, 0, 316, 316, 1, 0.61%, 0, 0, 2, 801.69
1662368123, 0, 0, 321, 321, 1, 0.61%, 0, 0, 2, 810.57
1662368128, 0, 5, 322, 321, 51, 0.61%, 0, 0, 2, 844.90
1662368138, 0, 5, 327, 326, 51, 0.61%, 0, 0, 3, 878.26
1662368144, 0, 5, 328, 327, 51, 0.61%, 0, 0, 3, 878.76
1662368149, 0, 5, 332, 331, 51, 0.62%, 0, 0, 3, 873.23
1662368154, 0, 5, 335, 334, 51, 0.62%, 0, 0, 3, 877.22
1662368159, 0, 5, 337, 336, 51, 0.62%, 0, 0, 3, 878.20
1662368164, 0, 24, 337, 335, 49, 0.62%, 0, 0, 3, 853.29
1662368184, 0, 29, 337, 334, 48, 0.62%, 0, 0, 3, 715.78
1662368205, 0, 39, 337, 333, 47, 0.62%, 0, 0, 3, 717.99
1662368215, 0, 39, 338, 334, 47, 0.62%, 0, 0, 3, 666.48
1662368225, 0, 39, 343, 339, 47, 0.62%, 0, 0, 3, 755.50
1662368230, 0, 39, 348, 344, 47, 0.63%, 0, 0, 3, 800.37
1662368235, 0, 39, 350, 346, 47, 0.63%, 0, 0, 3, 807.07
1662368240, 0, 39, 352, 348, 47, 0.63%, 0, 0, 3, 806.88
1662368245, 0, 39, 358, 354, 47, 0.63%, 0, 0, 3, 808.68
1662368251, 0, 39, 362, 358, 47, 0.63%, 0, 0, 3, 808.93
1662368256, 0, 48, 362, 357, 46, 0.63%, 0, 0, 3, 723.03
1662368276, 0, 66, 362, 356, 45, 0.63%, 0, 0, 3, 825.11
1662368287, 0, 66, 363, 357, 45, 0.63%, 0, 0, 3, 872.89
1662368292, 0, 66, 369, 363, 45, 0.63%, 0, 0, 3, 865.62
1662368297, 0, 66, 372, 366, 45, 0.63%, 0, 0, 3, 861.69
1662368302, 0, 66, 376, 370, 45, 0.64%, 0, 0, 3, 861.47
1662368307, 0, 66, 378, 372, 45, 0.64%, 0, 0, 3, 864.92
1662368317, 0, 71, 378, 371, 48, 0.64%, 0, 0, 3, 765.01
1662368338, 0, 74, 379, 371, 48, 0.64%, 0, 0, 3, 815.89
1662368348, 0, 76, 379, 370, 47, 0.64%, 0, 0, 3, 825.06
