# unix_time, cycles_done, cur_path, paths_total, pending_total, pending_favs, map_size, unique_crashes, unique_hangs, max_depth, execs_per_sec
1662899412, 0, 0, 1, 1, 1, 0.31%, 0, 0, 1, 177.78
1662899418, 0, 0, 75, 75, 1, 0.50%, 0, 0, 2, 573.51
1662899423, 0, 0, 85, 85, 1, 0.52%, 1, 0, 2, 641.74
1662899428, 0, 0, 94, 94, 1, 0.52%, 1, 0, 2, 666.21
1662899433, 0, 0, 161, 161, 1, 0.52%, 1, 0, 2, 688.56
1662899438, 0, 0, 235, 235, 1, 0.56%, 5, 0, 2, 715.75
1662899443, 0, 0, 272, 272, 1, 0.58%, 11, 0, 2, 798.86
1662899448, 0, 0, 296, 296, 1, 0.58%, 12, 0, 2, 805.05
1662899453, 0, 0, 310, 310, 1, 0.59%, 12, 0, 2, 810.98
1662899458, 0, 0, 318, 318, 1, 0.59%, 12, 0, 2, 812.28
1662899463, 0, 0, 322, 322, 1, 0.59%, 13, 0, 2, 807.94
1662899468, 0, 0, 328, 328, 1, 0.59%, 14, 0, 2, 810.68
1662899473, 0, 0, 332, 332, 1, 0.60%, 16, 0, 2, 811.70
1662899479, 0, 5, 332, 331, 44, 0.60%, 17, 0, 2, 855.63
1662899489, 0, 27, 332, 330, 43, 0.60%, 17, 0, 2, 888.16
1662899504, 0, 29, 332, 329, 42, 0.60%, 17, 0, 2, 761.48
1662899514, 0, 29, 332, 329, 42, 0.60%, 18, 0, 2, 676.53
1662899524, 0, 29, 335, 332, 42, 0.60%, 19, 0, 3, 787.87
1662899529, 0, 29, 345, 342, 42, 0.60%, 19, 0, 3, 808.70
1662899534, 0, 29, 346, 343, 42, 0.60%, 19, 0, 3, 807.81
1662899540, 0, 29, 348, 345, 42, 0.60%, 19, 0, 3, 808.93
1662899545, 0, 29, 349, 346, 42, 0.60%, 20, 0, 3, 806.09
1662899550, 0, 66, 350, 346, 43, 0.62%, 21, 0, 3, 818.19
1662899555, 0, 66, 351, 347, 43, 0.62%, 21, 0, 3, 861.64
1662899560, 0, 66, 351, 347, 43, 0.62%, 22, 0, 3, 872.38
1662899565, 0, 66, 352, 348, 43, 0.62%, 22, 0, 3, 885.46
1662899570, 0, 66, 357, 353, 43, 0.63%, 23, 0, 3, 882.95
1662899575, 0, 66, 360, 356, 43, 0.63%, 24, 0, 3, 877.75
1662899580, 0, 66, 362, 358, 43, 0.63%, 25, 0, 3, 880.31
1662899585, 0, 66, 363, 359, 43, 0.63%, 25, 0, 3, 873.70
1662899590, 0, 66, 365, 361, 43, 0.63%, 25, 0, 3, 880.27
1662899595, 0, 123, 365, 360, 45, 0.63%, 25, 0, 3, 730.99
1662899610, 0, 137, 365, 358, 44, 0.63%, 25, 0, 3, 852.03
1662899641, 0, 143, 366, 358, 44, 0.63%, 26, 0, 3, 882.89
1662899646, 0, 150, 366, 356, 42, 0.63%, 26, 0, 3, 752.68
1662899666, 0, 161, 367, 355, 40, 0.63%, 26, 0, 3, 843.74
1662899671, 0, 169, 370, 357, 39, 0.63%, 26, 0, 3, 878.12
1662899676, 0, 172, 370, 356, 38, 0.63%, 26, 0, 3, 883.00
1662899686, 0, 172, 371, 357, 38, 0.63%, 26, 0, 3, 879.89
1662899691, 0, 172, 374, 360, 38, 0.63%, 26, 0, 3, 825.98
1662899701, 0, 172, 375, 361, 38, 0.63%, 26, 0, 3, 835.10
1662899706, 0, 172, 376, 362, 38, 0.63%, 26, 0, 3, 832.72
