# unix_time, cycles_done, cur_path, paths_total, pending_total, pending_favs, map_size, unique_crashes, unique_hangs, max_depth, execs_per_sec
1662917630, 0, 0, 1, 1, 1, 0.30%, 0, 0, 1, 170.21
1662917635, 0, 0, 75, 75, 1, 0.49%, 0, 0, 2, 553.95
1662917641, 0, 0, 85, 85, 1, 0.50%, 0, 0, 2, 640.74
1662917646, 0, 0, 96, 96, 1, 0.51%, 0, 0, 2, 663.97
1662917651, 0, 0, 151, 151, 1, 0.53%, 0, 0, 2, 702.54
1662917656, 0, 0, 239, 239, 1, 0.56%, 0, 0, 2, 725.97
1662917661, 0, 0, 265, 265, 1, 0.57%, 0, 0, 2, 790.88
1662917666, 0, 0, 285, 285, 1, 0.58%, 0, 0, 2, 798.92
1662917671, 0, 0, 292, 292, 1, 0.59%, 0, 0, 2, 808.93
1662917676, 0, 0, 300, 300, 1, 0.59%, 0, 0, 2, 797.81
1662917681, 0, 0, 307, 307, 1, 0.60%, 0, 0, 2, 797.18
