# unix_time, cycles_done, cur_path, paths_total, pending_total, pending_favs, map_size, unique_crashes, unique_hangs, max_depth, execs_per_sec
1662918641, 0, 0, 1, 1, 1, 0.30%, 0, 0, 1, 173.91
1662918647, 0, 0, 75, 75, 1, 0.49%, 0, 0, 2, 548.59
1662918652, 0, 0, 86, 86, 1, 0.50%, 0, 0, 2, 637.64
1662918657, 0, 0, 95, 95, 1, 0.50%, 1, 0, 2, 658.91
1662918662, 0, 0, 144, 144, 1, 0.52%, 2, 0, 2, 687.30
1662918667, 0, 0, 224, 224, 1, 0.54%, 5, 0, 2, 721.98
1662918672, 0, 0, 258, 258, 1, 0.54%, 8, 0, 2, 785.41
1662918677, 0, 0, 273, 273, 1, 0.55%, 11, 0, 2, 800.43
1662918682, 0, 0, 290, 290, 1, 0.55%, 12, 0, 2, 802.23
1662918687, 0, 0, 300, 300, 1, 0.57%, 13, 0, 2, 798.72
1662918692, 0, 0, 305, 305, 1, 0.57%, 14, 0, 2, 802.60
1662918697, 0, 0, 313, 313, 1, 0.58%, 16, 0, 2, 804.12
