# unix_time, cycles_done, cur_path, paths_total, pending_total, pending_favs, map_size, unique_crashes, unique_hangs, max_depth, execs_per_sec
1663130920, 0, 0, 1, 1, 1, 0.31%, 0, 0, 1, 163.27
1663130925, 0, 0, 74, 74, 1, 0.51%, 0, 0, 2, 533.61
1663130930, 0, 0, 84, 84, 1, 0.51%, 0, 0, 2, 629.76
1663130935, 0, 0, 94, 94, 1, 0.52%, 1, 0, 2, 656.06
1663130940, 0, 0, 144, 144, 1, 0.52%, 1, 0, 2, 678.29
1663130945, 0, 0, 217, 217, 1, 0.55%, 6, 0, 2, 694.90
1663130951, 0, 0, 246, 246, 1, 0.56%, 9, 0, 2, 768.85
1663130956, 0, 0, 270, 270, 1, 0.59%, 9, 0, 2, 789.41
1663130961, 0, 0, 284, 284, 1, 0.59%, 11, 0, 2, 798.01
1663130966, 0, 0, 294, 294, 1, 0.59%, 12, 0, 2, 799.09
1663130971, 0, 0, 298, 298, 1, 0.59%, 15, 0, 2, 788.81
1663130976, 0, 0, 301, 301, 1, 0.59%, 19, 0, 2, 794.73
1663130982, 0, 0, 304, 304, 1, 0.59%, 19, 0, 2, 803.69
1663130987, 0, 24, 306, 305, 42, 0.59%, 20, 0, 2, 700.74
1663130997, 0, 24, 306, 305, 42, 0.59%, 21, 0, 2, 650.55
1663131007, 0, 24, 311, 310, 42, 0.60%, 22, 0, 3, 760.98
1663131012, 0, 24, 317, 316, 42, 0.62%, 22, 0, 3, 775.66
1663131017, 0, 24, 323, 322, 42, 0.62%, 22, 0, 3, 783.53
1663131022, 0, 24, 326, 325, 42, 0.62%, 22, 0, 3, 787.66
1663131027, 0, 24, 328, 327, 42, 0.62%, 23, 0, 3, 790.85
1663131033, 0, 24, 331, 330, 42, 0.62%, 23, 0, 3, 791.85
1663131038, 0, 29, 331, 329, 43, 0.62%, 23, 0, 3, 689.86
1663131048, 0, 29, 331, 329, 43, 0.62%, 24, 0, 3, 649.97
1663131058, 0, 29, 337, 335, 43, 0.62%, 25, 0, 3, 772.83
1663131063, 0, 29, 338, 336, 43, 0.62%, 25, 0, 3, 794.16
1663131079, 0, 29, 340, 338, 43, 0.62%, 25, 0, 3, 792.29
1663131084, 0, 39, 342, 339, 42, 0.62%, 25, 0, 3, 764.24
1663131094, 0, 39, 343, 340, 42, 0.62%, 25, 0, 3, 655.72
1663131104, 0, 39, 346, 343, 42, 0.62%, 25, 0, 3, 741.86
1663131110, 0, 39, 347, 344, 42, 0.62%, 26, 0, 3, 789.49
1663131115, 0, 39, 348, 345, 42, 0.62%, 26, 0, 3, 797.30
1663131125, 0, 39, 348, 345, 42, 0.62%, 27, 0, 3, 803.38
1663131130, 0, 39, 349, 346, 42, 0.62%, 28, 0, 3, 795.00
1663131135, 0, 48, 350, 346, 46, 0.63%, 28, 0, 3, 712.35
1663131146, 0, 48, 350, 346, 46, 0.63%, 29, 0, 3, 660.14
1663131156, 0, 48, 352, 348, 46, 0.63%, 29, 0, 3, 767.25
1663131161, 0, 50, 352, 347, 45, 0.63%, 29, 0, 3, 680.70
1663131166, 0, 50, 352, 347, 45, 0.63%, 30, 0, 3, 656.92
1663131176, 0, 59, 352, 346, 44, 0.63%, 30, 0, 3, 704.53
1663131197, 0, 59, 353, 347, 44, 0.63%, 31, 0, 3, 729.28
1663131202, 0, 59, 355, 349, 44, 0.63%, 31, 0, 3, 757.85
1663131212, 0, 59, 357, 351, 44, 0.63%, 31, 0, 3, 790.76
1663131223, 0, 59, 358, 352, 44, 0.63%, 31, 0, 3, 800.06
1663131228, 0, 66, 359, 352, 46, 0.63%, 31, 0, 3, 825.19
1663131233, 0, 66, 359, 352, 46, 0.63%, 32, 0, 3, 854.25
1663131243, 0, 66, 363, 356, 46, 0.63%, 32, 0, 3, 859.66
1663131248, 0, 66, 364, 357, 46, 0.63%, 33, 0, 3, 853.10
1663131253, 0, 66, 367, 360, 46, 0.64%, 33, 0, 3, 856.27
1663131259, 0, 66, 369, 362, 46, 0.64%, 33, 0, 3, 850.88
1663131269, 0, 71, 370, 362, 46, 0.64%, 33, 0, 3, 838.26
1663131289, 0, 71, 371, 363, 46, 0.64%, 33, 0, 3, 721.25
1663131295, 0, 84, 371, 362, 45, 0.64%, 33, 0, 3, 665.43
1663131315, 0, 107, 371, 361, 44, 0.64%, 33, 0, 3, 836.94
1663131325, 0, 108, 371, 360, 43, 0.64%, 33, 0, 3, 868.00
1663131330, 0, 112, 371, 358, 41, 0.64%, 33, 0, 3, 868.79
1663131335, 0, 112, 371, 358, 41, 0.64%, 34, 0, 3, 866.39
1663131340, 0, 148, 371, 357, 40, 0.64%, 34, 0, 3, 858.11
1663131345, 0, 156, 371, 356, 39, 0.64%, 34, 0, 3, 860.99
1663131356, 0, 168, 371, 354, 37, 0.64%, 36, 0, 3, 788.87
1663131366, 0, 182, 371, 353, 36, 0.64%, 36, 0, 3, 773.93
1663131376, 0, 187, 371, 352, 35, 0.64%, 36, 0, 3, 862.62
1663131381, 0, 201, 371, 351, 34, 0.64%, 36, 0, 3, 866.42
1663131396, 0, 206, 371, 350, 33, 0.64%, 36, 0, 3, 865.80
1663131401, 0, 206, 372, 351, 33, 0.64%, 36, 0, 3, 868.52
1663131407, 0, 211, 372, 350, 33, 0.64%, 36, 0, 3, 859.96
1663131412, 0, 229, 372, 348, 31, 0.64%, 36, 0, 3, 700.25
1663131417, 0, 229, 373, 349, 31, 0.64%, 36, 0, 3, 652.53
1663131447, 0, 234, 373, 348, 31, 0.64%, 36, 0, 3, 823.46
1663131453, 0, 234, 373, 348, 31, 0.64%, 37, 0, 3, 853.51
1663131463, 0, 234, 374, 349, 31, 0.64%, 37, 0, 3, 857.27
1663131468, 0, 236, 375, 349, 31, 0.64%, 37, 0, 3, 862.91
1663131473, 0, 236, 378, 352, 31, 0.64%, 37, 0, 3, 862.23
1663131478, 0, 250, 379, 352, 30, 0.64%, 37, 0, 3, 869.23
1663131488, 0, 252, 379, 351, 29, 0.64%, 37, 0, 3, 862.63
1663131498, 0, 270, 380, 351, 28, 0.64%, 37, 0, 3, 860.04
