# unix_time, cycles_done, cur_path, paths_total, pending_total, pending_favs, map_size, unique_crashes, unique_hangs, max_depth, execs_per_sec
1662918995, 0, 0, 1, 1, 1, 0.28%, 0, 0, 1, 177.78
1662919000, 0, 0, 62, 62, 1, 0.41%, 0, 0, 2, 566.94
1662919005, 0, 0, 70, 70, 1, 0.43%, 0, 0, 2, 641.41
1662919010, 0, 0, 78, 78, 1, 0.43%, 0, 0, 2, 659.99
1662919015, 0, 0, 140, 140, 1, 0.44%, 0, 0, 2, 702.17
1662919020, 0, 0, 212, 212, 1, 0.44%, 0, 0, 2, 725.23
1662919025, 0, 0, 231, 231, 1, 0.45%, 0, 0, 2, 789.70
1662919031, 0, 0, 242, 242, 1, 0.45%, 0, 0, 2, 801.07
1662919036, 0, 0, 254, 254, 1, 0.45%, 1, 0, 2, 803.87
1662919041, 0, 0, 263, 263, 1, 0.45%, 3, 0, 2, 804.54
1662919046, 0, 0, 268, 268, 1, 0.45%, 4, 0, 2, 803.26
1662919051, 0, 0, 272, 272, 1, 0.45%, 5, 0, 2, 809.87
