# unix_time, cycles_done, cur_path, paths_total, pending_total, pending_favs, map_size, unique_crashes, unique_hangs, max_depth, execs_per_sec
1662898778, 0, 0, 1, 1, 1, 0.31%, 0, 0, 1, 210.53
1662898783, 0, 0, 74, 74, 1, 0.51%, 0, 0, 2, 571.08
1662898788, 0, 0, 85, 85, 1, 0.52%, 1, 0, 2, 648.64
1662898793, 0, 0, 94, 94, 1, 0.52%, 1, 0, 2, 663.25
1662898798, 0, 0, 157, 157, 1, 0.53%, 2, 0, 2, 693.42
1662898804, 0, 0, 227, 227, 1, 0.56%, 7, 0, 2, 135.27
1662898809, 0, 0, 258, 258, 1, 0.59%, 9, 0, 2, 810.60
1662898814, 0, 0, 276, 276, 1, 0.61%, 11, 0, 2, 812.98
1662898819, 0, 0, 283, 283, 1, 0.61%, 12, 0, 2, 806.22
1662898824, 0, 0, 292, 292, 1, 0.61%, 15, 0, 2, 814.72
1662898829, 0, 0, 302, 302, 1, 0.61%, 16, 0, 2, 806.67
1662898834, 0, 0, 312, 312, 1, 0.62%, 17, 0, 2, 808.82
1662898839, 0, 0, 315, 315, 1, 0.62%, 18, 0, 2, 809.04
1662898844, 0, 5, 316, 315, 50, 0.62%, 19, 0, 2, 842.39
1662898854, 0, 14, 316, 314, 49, 0.62%, 20, 0, 2, 770.59
1662898864, 0, 14, 316, 314, 49, 0.62%, 21, 0, 2, 685.01
1662898875, 0, 24, 316, 313, 49, 0.62%, 21, 0, 2, 699.54
1662898885, 0, 24, 316, 313, 49, 0.62%, 22, 0, 2, 671.93
1662898895, 0, 24, 321, 318, 49, 0.62%, 23, 0, 3, 779.79
1662898900, 0, 24, 324, 321, 49, 0.62%, 24, 0, 3, 792.63
1662898905, 0, 24, 327, 324, 49, 0.62%, 24, 0, 3, 797.19
1662898911, 0, 24, 329, 326, 49, 0.62%, 25, 0, 3, 796.54
1662898916, 0, 24, 335, 332, 49, 0.62%, 27, 0, 3, 804.67
1662898921, 0, 24, 338, 335, 49, 0.62%, 28, 0, 3, 799.40
1662898926, 0, 29, 338, 334, 48, 0.62%, 28, 0, 3, 691.24
1662898931, 0, 29, 338, 334, 48, 0.62%, 29, 0, 3, 670.72
1662898941, 0, 39, 338, 333, 47, 0.62%, 29, 0, 3, 736.03
1662898951, 0, 39, 339, 334, 47, 0.62%, 29, 0, 3, 674.15
1662898961, 0, 39, 343, 338, 47, 0.62%, 29, 0, 3, 748.29
1662898967, 0, 39, 347, 342, 47, 0.63%, 30, 0, 3, 806.44
1662898972, 0, 39, 348, 343, 47, 0.63%, 30, 0, 3, 805.43
1662898977, 0, 39, 349, 344, 47, 0.63%, 30, 0, 3, 813.87
1662898982, 0, 39, 353, 348, 47, 0.64%, 31, 0, 3, 810.87
1662898987, 0, 39, 354, 349, 47, 0.64%, 32, 0, 3, 812.19
1662898992, 0, 66, 356, 350, 51, 0.64%, 32, 0, 3, 850.06
1662898997, 0, 66, 356, 350, 51, 0.64%, 33, 0, 3, 870.29
1662899007, 0, 66, 359, 353, 51, 0.64%, 34, 0, 3, 877.36
1662899012, 0, 66, 362, 356, 51, 0.64%, 35, 0, 3, 865.79
1662899018, 0, 66, 366, 360, 51, 0.64%, 35, 0, 3, 874.62
1662899023, 0, 66, 368, 362, 51, 0.64%, 35, 0, 3, 865.20
1662899033, 0, 100, 370, 363, 53, 0.64%, 35, 0, 3, 872.69
1662899038, 0, 112, 370, 362, 52, 0.64%, 35, 0, 3, 884.36
1662899043, 0, 115, 370, 361, 51, 0.64%, 35, 0, 3, 876.13
1662899048, 0, 117, 370, 360, 50, 0.64%, 35, 0, 3, 848.32
1662899059, 0, 119, 370, 359, 49, 0.64%, 35, 0, 3, 874.39
1662899064, 0, 126, 370, 358, 48, 0.64%, 35, 0, 3, 882.09
1662899074, 0, 131, 370, 357, 47, 0.64%, 35, 0, 3, 886.80
