# unix_time, cycles_done, cur_path, paths_total, pending_total, pending_favs, map_size, unique_crashes, unique_hangs, max_depth, execs_per_sec
1662919270, 0, 0, 1, 1, 1, 0.27%, 0, 0, 1, 190.48
1662919275, 0, 0, 62, 62, 1, 0.40%, 0, 0, 2, 557.95
1662919280, 0, 0, 70, 70, 1, 0.41%, 0, 0, 2, 638.65
1662919285, 0, 0, 78, 78, 1, 0.42%, 0, 0, 2, 663.60
1662919291, 0, 0, 142, 142, 1, 0.42%, 0, 0, 2, 694.74
1662919296, 0, 0, 215, 215, 1, 0.43%, 0, 0, 2, 769.43
1662919301, 0, 0, 245, 245, 1, 0.43%, 2, 0, 2, 799.88
1662919306, 0, 0, 260, 260, 1, 0.44%, 2, 0, 2, 803.54
1662919311, 0, 0, 271, 271, 1, 0.44%, 3, 0, 2, 806.80
1662919316, 0, 0, 280, 280, 1, 0.44%, 5, 0, 2, 804.65
1662919321, 0, 0, 285, 285, 1, 0.44%, 5, 0, 2, 804.57
1662919326, 0, 0, 290, 290, 1, 0.44%, 5, 0, 2, 794.88
