# unix_time, cycles_done, cur_path, paths_total, pending_total, pending_favs, map_size, unique_crashes, unique_hangs, max_depth, execs_per_sec
1663126046, 0, 0, 1, 1, 1, 0.30%, 0, 0, 1, 195.12
1663126051, 0, 0, 76, 76, 1, 0.49%, 0, 0, 2, 585.52
1663126056, 0, 0, 87, 87, 1, 0.51%, 0, 0, 2, 660.16
1663126061, 0, 0, 96, 96, 1, 0.51%, 0, 0, 2, 667.52
1663126066, 0, 0, 169, 169, 1, 0.52%, 0, 0, 2, 703.17
1663126071, 0, 0, 243, 243, 1, 0.56%, 0, 0, 2, 716.05
1663126077, 0, 0, 274, 274, 1, 0.57%, 0, 0, 2, 802.56
1663126082, 0, 0, 288, 288, 1, 0.58%, 0, 0, 2, 818.39
1663126087, 0, 0, 299, 299, 1, 0.58%, 0, 0, 2, 819.48
1663126092, 0, 0, 313, 313, 1, 0.59%, 0, 0, 2, 816.67
1663126097, 0, 0, 318, 318, 1, 0.60%, 0, 0, 2, 822.87
1663126102, 0, 0, 325, 325, 1, 0.60%, 0, 0, 2, 813.54
1663126107, 0, 0, 330, 330, 1, 0.60%, 0, 0, 2, 818.90
1663126112, 0, 3, 331, 330, 47, 0.60%, 0, 0, 2, 718.09
1663126132, 0, 3, 336, 335, 47, 0.60%, 0, 0, 3, 798.38
1663126142, 0, 3, 337, 336, 47, 0.61%, 0, 0, 3, 810.96
1663126147, 0, 3, 339, 338, 47, 0.61%, 0, 0, 3, 810.56
1663126152, 0, 3, 340, 339, 47, 0.61%, 0, 0, 3, 811.95
1663126158, 0, 3, 343, 342, 47, 0.61%, 0, 0, 3, 819.03
1663126163, 0, 3, 350, 349, 47, 0.61%, 0, 0, 3, 823.20
1663126168, 0, 21, 353, 351, 49, 0.62%, 0, 0, 3, 838.38
1663126183, 0, 29, 354, 351, 49, 0.62%, 0, 0, 3, 847.13
1663126204, 0, 29, 355, 352, 49, 0.62%, 0, 0, 3, 769.58
1663126209, 0, 29, 357, 354, 49, 0.62%, 0, 0, 3, 806.41
1663126214, 0, 29, 360, 357, 49, 0.62%, 0, 0, 3, 820.87
1663126219, 0, 29, 363, 360, 49, 0.62%, 0, 0, 3, 817.29
1663126224, 0, 29, 364, 361, 49, 0.62%, 0, 0, 3, 819.00
1663126229, 0, 29, 366, 363, 49, 0.62%, 0, 0, 3, 807.85
1663126234, 0, 39, 366, 362, 49, 0.62%, 0, 0, 3, 724.47
1663126239, 0, 39, 367, 363, 49, 0.63%, 0, 0, 3, 690.68
1663126254, 0, 39, 373, 369, 49, 0.63%, 0, 0, 3, 797.02
1663126259, 0, 39, 375, 371, 49, 0.63%, 0, 0, 3, 817.34
1663126264, 0, 39, 377, 373, 49, 0.63%, 0, 0, 3, 825.06
1663126269, 0, 39, 379, 375, 49, 0.63%, 0, 0, 3, 824.09
1663126274, 0, 39, 381, 377, 49, 0.63%, 0, 0, 3, 824.65
1663126279, 0, 48, 382, 377, 47, 0.63%, 0, 0, 3, 786.60
1663126300, 0, 66, 382, 376, 46, 0.63%, 0, 0, 3, 807.30
1663126315, 0, 66, 384, 378, 46, 0.63%, 0, 0, 3, 888.09
1663126320, 0, 66, 388, 382, 46, 0.64%, 0, 0, 3, 887.45
1663126340, 0, 73, 389, 382, 47, 0.64%, 0, 0, 3, 812.05
1663126361, 0, 76, 389, 381, 46, 0.64%, 0, 0, 3, 703.55
1663126381, 0, 85, 389, 380, 45, 0.64%, 0, 0, 3, 706.69
1663126401, 0, 97, 389, 379, 44, 0.64%, 0, 0, 3, 845.38
1663126406, 0, 123, 389, 377, 42, 0.64%, 0, 0, 3, 891.47
1663126422, 0, 124, 389, 376, 42, 0.64%, 0, 0, 3, 889.52
1663126432, 0, 146, 389, 373, 39, 0.64%, 0, 0, 3, 889.52
1663126437, 0, 154, 389, 371, 37, 0.64%, 0, 0, 3, 791.03
1663126457, 0, 159, 389, 370, 36, 0.64%, 0, 0, 3, 803.84
1663126462, 0, 176, 389, 368, 34, 0.64%, 0, 0, 3, 881.50
1663126467, 0, 182, 389, 367, 33, 0.64%, 0, 0, 3, 885.04
1663126488, 0, 193, 389, 366, 32, 0.64%, 0, 0, 3, 889.99
1663126493, 0, 205, 389, 365, 31, 0.64%, 0, 0, 3, 892.13
1663126498, 0, 231, 389, 364, 30, 0.64%, 0, 0, 3, 896.14
1663126503, 0, 235, 389, 363, 29, 0.64%, 0, 0, 3, 874.44
1663126529, 0, 235, 393, 367, 29, 0.65%, 0, 0, 3, 724.13
1663126534, 0, 235, 395, 369, 29, 0.65%, 0, 0, 3, 772.88
1663126539, 0, 235, 398, 372, 29, 0.65%, 0, 0, 3, 783.31
1663126544, 0, 235, 400, 374, 29, 0.65%, 0, 0, 3, 787.35
1663126549, 0, 235, 401, 375, 29, 0.65%, 0, 0, 3, 789.91
1663126559, 0, 235, 402, 376, 29, 0.65%, 0, 0, 3, 787.18
1663126564, 0, 235, 405, 379, 29, 0.65%, 0, 0, 3, 784.03
1663126569, 0, 242, 405, 378, 30, 0.65%, 0, 0, 3, 770.15
1663126590, 0, 243, 405, 377, 29, 0.65%, 0, 0, 3, 797.32
1663126600, 0, 243, 407, 379, 29, 0.65%, 0, 0, 3, 890.96
1663126605, 0, 243, 409, 381, 29, 0.65%, 0, 0, 3, 889.41
1663126610, 0, 243, 411, 383, 29, 0.65%, 0, 0, 3, 886.83
1663126636, 0, 247, 411, 382, 28, 0.65%, 0, 0, 3, 897.50
