# unix_time, cycles_done, cur_path, paths_total, pending_total, pending_favs, map_size, unique_crashes, unique_hangs, max_depth, execs_per_sec
1662917305, 0, 0, 1, 1, 1, 0.30%, 0, 0, 1, 166.67
1662917310, 0, 0, 75, 75, 1, 0.49%, 0, 0, 2, 556.93
1662917316, 0, 0, 85, 85, 1, 0.50%, 0, 0, 2, 642.99
1662917321, 0, 0, 96, 96, 1, 0.51%, 0, 0, 2, 665.46
1662917326, 0, 0, 154, 154, 1, 0.53%, 0, 0, 2, 687.61
1662917331, 0, 0, 236, 236, 1, 0.57%, 0, 0, 2, 686.71
1662917336, 0, 0, 276, 276, 1, 0.58%, 0, 0, 2, 779.07
1662917341, 0, 0, 295, 295, 1, 0.59%, 0, 0, 2, 802.71
1662917346, 0, 0, 311, 311, 1, 0.59%, 0, 0, 2, 807.11
1662917351, 0, 0, 318, 318, 1, 0.60%, 0, 0, 2, 798.93
1662917356, 0, 0, 323, 323, 1, 0.62%, 0, 0, 2, 798.43
