# unix_time, cycles_done, cur_path, paths_total, pending_total, pending_favs, map_size, unique_crashes, unique_hangs, max_depth, execs_per_sec
1662917693, 0, 0, 1, 1, 1, 0.30%, 0, 0, 1, 186.05
1662917698, 0, 0, 75, 75, 1, 0.49%, 0, 0, 2, 562.07
1662917703, 0, 0, 87, 87, 1, 0.51%, 0, 0, 2, 643.46
1662917708, 0, 0, 96, 96, 1, 0.51%, 0, 0, 2, 661.80
1662917713, 0, 0, 154, 154, 1, 0.53%, 0, 0, 2, 702.32
1662917718, 0, 0, 245, 245, 1, 0.57%, 0, 0, 2, 769.09
1662917723, 0, 0, 271, 271, 1, 0.59%, 0, 0, 2, 797.34
1662917729, 0, 0, 287, 287, 1, 0.59%, 0, 0, 2, 801.50
1662917734, 0, 0, 300, 300, 1, 0.59%, 0, 0, 2, 802.49
1662917739, 0, 0, 308, 308, 1, 0.59%, 0, 0, 2, 810.62
1662917744, 0, 0, 311, 311, 1, 0.59%, 0, 0, 2, 806.97
