# unix_time, cycles_done, cur_path, paths_total, pending_total, pending_favs, map_size, unique_crashes, unique_hangs, max_depth, execs_per_sec
1663144955, 0, 0, 1, 1, 1, 0.25%, 0, 0, 1, 200.00
1663144960, 0, 0, 57, 57, 1, 0.37%, 0, 0, 2, 581.77
1663144965, 0, 0, 63, 63, 1, 0.38%, 0, 0, 2, 654.92
1663144970, 0, 0, 70, 70, 1, 0.38%, 0, 0, 2, 674.55
1663144975, 0, 0, 140, 140, 1, 0.39%, 0, 0, 2, 738.00
1663144980, 0, 0, 197, 197, 1, 0.40%, 0, 0, 2, 740.76
1663144986, 0, 0, 219, 219, 1, 0.40%, 1, 0, 2, 797.20
1663144991, 0, 0, 230, 230, 1, 0.40%, 2, 0, 2, 808.47
1663144996, 0, 0, 239, 239, 1, 0.40%, 5, 0, 2, 822.16
1663145001, 0, 0, 244, 244, 1, 0.40%, 6, 0, 2, 816.61
1663145006, 0, 0, 249, 249, 1, 0.43%, 6, 0, 2, 818.28
1663145011, 0, 0, 252, 252, 1, 0.43%, 8, 0, 2, 816.69
1663145016, 0, 0, 257, 257, 1, 0.43%, 8, 0, 2, 821.59
1663145021, 0, 20, 257, 256, 30, 0.43%, 8, 0, 2, 698.34
1663145041, 0, 23, 257, 255, 29, 0.43%, 8, 0, 2, 863.11
1663145051, 0, 43, 257, 254, 29, 0.43%, 8, 0, 2, 892.08
1663145056, 0, 43, 258, 255, 29, 0.43%, 8, 0, 3, 894.36
1663145062, 0, 43, 258, 255, 29, 0.43%, 9, 0, 3, 893.42
1663145067, 0, 48, 258, 254, 29, 0.43%, 9, 0, 3, 892.04
1663145082, 0, 48, 264, 260, 29, 0.43%, 10, 0, 3, 887.63
1663145087, 0, 48, 270, 266, 29, 0.44%, 10, 0, 3, 879.95
1663145092, 0, 48, 274, 270, 29, 0.44%, 10, 0, 3, 887.64
1663145097, 0, 48, 277, 273, 29, 0.44%, 11, 0, 3, 887.63
1663145102, 0, 48, 278, 274, 29, 0.44%, 11, 0, 3, 875.48
1663145107, 0, 55, 279, 274, 26, 0.44%, 12, 0, 3, 878.98
1663145123, 0, 62, 279, 273, 25, 0.44%, 12, 0, 3, 726.42
1663145138, 0, 62, 281, 275, 25, 0.44%, 12, 0, 3, 747.61
1663145143, 0, 62, 283, 277, 25, 0.44%, 13, 0, 3, 805.79
1663145148, 0, 62, 284, 278, 25, 0.44%, 13, 0, 3, 812.70
1663145159, 0, 62, 286, 280, 25, 0.45%, 13, 0, 3, 818.01
1663145164, 0, 62, 287, 281, 25, 0.45%, 13, 0, 3, 815.77
1663145169, 0, 90, 288, 281, 25, 0.45%, 13, 0, 3, 859.62
1663145174, 0, 98, 288, 280, 24, 0.45%, 13, 0, 3, 889.66
1663145184, 0, 99, 288, 279, 23, 0.45%, 13, 0, 3, 894.75
1663145189, 0, 128, 288, 278, 22, 0.45%, 13, 0, 3, 891.66
1663145200, 0, 129, 288, 277, 22, 0.45%, 13, 0, 3, 753.82
1663145210, 0, 129, 290, 279, 22, 0.45%, 13, 0, 3, 790.14
1663145215, 0, 147, 290, 278, 23, 0.45%, 13, 0, 3, 871.01
1663145225, 0, 165, 290, 276, 21, 0.45%, 13, 0, 3, 894.52
1663145230, 0, 169, 290, 275, 20, 0.45%, 13, 0, 3, 880.97
1663145235, 0, 181, 290, 273, 18, 0.45%, 13, 0, 3, 868.20
1663145245, 0, 206, 290, 271, 16, 0.45%, 13, 0, 3, 892.90
1663145266, 0, 211, 290, 270, 15, 0.45%, 14, 0, 3, 888.09
1663145276, 0, 228, 291, 270, 14, 0.45%, 14, 0, 3, 882.73
1663145286, 0, 228, 292, 271, 14, 0.45%, 14, 0, 3, 889.48
1663145291, 0, 228, 293, 272, 14, 0.45%, 14, 0, 3, 880.73
1663145296, 0, 228, 297, 276, 14, 0.45%, 14, 0, 3, 872.75
1663145301, 0, 228, 299, 278, 14, 0.45%, 14, 0, 3, 881.14
1663145316, 0, 228, 301, 280, 14, 0.45%, 14, 0, 3, 881.50
1663145326, 0, 228, 302, 281, 14, 0.45%, 14, 0, 3, 881.12
1663145331, 0, 246, 302, 280, 14, 0.45%, 14, 0, 3, 718.60
1663145341, 0, 246, 303, 281, 14, 0.45%, 14, 0, 3, 654.25
1663145362, 0, 246, 306, 284, 14, 0.45%, 14, 0, 3, 740.92
1663145367, 0, 246, 306, 284, 14, 0.45%, 15, 0, 3, 749.83
1663145372, 0, 246, 309, 287, 14, 0.45%, 17, 0, 3, 750.01
1663145377, 0, 246, 310, 288, 14, 0.45%, 18, 0, 3, 759.22
1663145382, 0, 246, 310, 288, 14, 0.45%, 19, 0, 3, 762.52
1663145387, 0, 246, 311, 289, 14, 0.45%, 19, 0, 3, 762.19
1663145392, 0, 249, 311, 288, 14, 0.45%, 19, 0, 3, 830.24
1663145398, 0, 249, 312, 289, 14, 0.45%, 20, 0, 3, 862.68
1663145408, 0, 255, 312, 288, 13, 0.45%, 21, 0, 3, 870.25
1663145418, 0, 255, 313, 289, 13, 0.45%, 21, 0, 3, 874.30
1663145428, 0, 257, 315, 290, 13, 0.46%, 21, 0, 4, 864.88
1663145433, 0, 257, 316, 291, 13, 0.46%, 21, 0, 4, 872.66
1663145443, 0, 257, 327, 302, 13, 0.46%, 21, 0, 4, 869.55
1663145448, 0, 257, 332, 307, 13, 0.46%, 21, 0, 4, 868.03
1663145454, 0, 257, 333, 308, 13, 0.46%, 21, 0, 4, 869.21
1663145459, 0, 257, 334, 309, 13, 0.46%, 21, 0, 4, 858.84
1663145464, 0, 257, 336, 311, 13, 0.46%, 21, 0, 4, 863.22
1663145479, 0, 257, 337, 312, 13, 0.46%, 21, 0, 4, 871.88
1663145484, 0, 270, 337, 311, 16, 0.46%, 21, 0, 4, 872.15
1663145489, 0, 275, 340, 313, 15, 0.46%, 21, 0, 4, 866.83
1663145494, 0, 275, 340, 313, 15, 0.46%, 22, 0, 4, 874.50
1663145505, 0, 276, 340, 312, 15, 0.46%, 24, 0, 4, 877.48
1663145510, 0, 277, 340, 311, 14, 0.46%, 24, 0, 4, 757.36
1663145520, 0, 281, 341, 311, 13, 0.46%, 24, 0, 4, 740.03
1663145540, 0, 284, 342, 311, 12, 0.46%, 25, 0, 4, 698.00
