# unix_time, cycles_done, cur_path, paths_total, pending_total, pending_favs, map_size, unique_crashes, unique_hangs, max_depth, execs_per_sec
1663132147, 0, 0, 1, 1, 1, 0.30%, 0, 0, 1, 160.00
1663132152, 0, 0, 75, 75, 1, 0.49%, 0, 0, 2, 556.78
1663132158, 0, 0, 85, 85, 1, 0.49%, 0, 0, 2, 632.63
1663132163, 0, 0, 95, 95, 1, 0.50%, 1, 0, 2, 645.35
1663132168, 0, 0, 147, 147, 1, 0.50%, 1, 0, 2, 686.55
1663132173, 0, 0, 232, 232, 1, 0.55%, 6, 0, 2, 773.88
1663132178, 0, 0, 255, 255, 1, 0.56%, 10, 0, 2, 796.40
1663132183, 0, 0, 280, 280, 1, 0.57%, 10, 0, 2, 799.82
1663132188, 0, 0, 291, 291, 1, 0.57%, 11, 0, 2, 797.66
1663132194, 0, 0, 303, 303, 1, 0.57%, 12, 0, 2, 799.91
1663132199, 0, 0, 316, 316, 1, 0.57%, 13, 0, 2, 799.35
1663132204, 0, 0, 318, 318, 1, 0.57%, 15, 0, 2, 798.59
1663132209, 0, 0, 326, 326, 1, 0.58%, 16, 0, 2, 797.56
1663132214, 0, 5, 328, 327, 43, 0.58%, 17, 0, 2, 839.91
1663132224, 0, 66, 329, 327, 42, 0.58%, 17, 0, 3, 867.08
1663132230, 0, 66, 329, 327, 42, 0.58%, 18, 0, 3, 859.27
1663132240, 0, 66, 333, 331, 42, 0.58%, 18, 0, 3, 867.00
1663132245, 0, 66, 340, 338, 42, 0.58%, 21, 0, 3, 863.93
1663132250, 0, 66, 341, 339, 42, 0.58%, 21, 0, 3, 861.23
1663132255, 0, 66, 346, 344, 42, 0.60%, 21, 0, 3, 859.02
1663132260, 0, 66, 347, 345, 42, 0.60%, 21, 0, 3, 859.92
1663132265, 0, 82, 348, 345, 41, 0.60%, 23, 0, 3, 833.66
1663132286, 0, 85, 348, 344, 41, 0.60%, 23, 0, 3, 703.51
1663132306, 0, 85, 350, 346, 41, 0.60%, 23, 0, 3, 757.88
1663132311, 0, 85, 352, 348, 41, 0.60%, 23, 0, 3, 795.78
1663132317, 0, 85, 353, 349, 41, 0.60%, 23, 0, 3, 801.13
1663132322, 0, 85, 356, 352, 41, 0.61%, 24, 0, 3, 800.44
1663132332, 0, 85, 357, 353, 41, 0.61%, 24, 0, 3, 799.17
1663132337, 0, 98, 358, 353, 42, 0.61%, 24, 0, 3, 850.42
1663132342, 0, 101, 358, 352, 41, 0.61%, 24, 0, 3, 862.09
1663132347, 0, 112, 358, 351, 40, 0.61%, 25, 0, 3, 868.30
1663132352, 0, 112, 359, 352, 40, 0.61%, 25, 0, 3, 866.23
1663132362, 0, 125, 359, 351, 40, 0.61%, 25, 0, 3, 867.61
1663132367, 0, 127, 359, 350, 39, 0.61%, 25, 0, 3, 716.23
1663132372, 0, 127, 359, 350, 39, 0.61%, 26, 0, 3, 676.00
1663132383, 0, 152, 359, 349, 38, 0.61%, 27, 0, 3, 833.07
1663132388, 0, 154, 360, 349, 38, 0.61%, 27, 0, 3, 731.63
1663132393, 0, 154, 360, 349, 38, 0.61%, 28, 0, 3, 682.93
1663132398, 0, 154, 362, 351, 38, 0.61%, 28, 0, 3, 765.99
1663132403, 0, 154, 363, 352, 38, 0.61%, 29, 0, 3, 814.90
1663132408, 0, 154, 364, 353, 38, 0.61%, 29, 0, 3, 818.02
1663132413, 0, 154, 365, 354, 38, 0.61%, 29, 0, 3, 825.86
1663132418, 0, 154, 367, 356, 38, 0.61%, 29, 0, 3, 822.62
1663132423, 0, 154, 369, 358, 38, 0.62%, 29, 0, 3, 827.61
1663132429, 0, 164, 369, 357, 39, 0.62%, 29, 0, 3, 725.73
1663132444, 0, 168, 369, 356, 38, 0.62%, 29, 0, 3, 680.03
1663132464, 0, 168, 371, 358, 38, 0.62%, 29, 0, 3, 730.07
1663132469, 0, 168, 373, 360, 38, 0.62%, 29, 0, 3, 769.06
1663132474, 0, 168, 375, 362, 38, 0.62%, 29, 0, 3, 773.59
1663132479, 0, 168, 377, 364, 38, 0.62%, 30, 0, 3, 771.00
1663132484, 0, 168, 378, 365, 38, 0.62%, 31, 0, 3, 771.16
1663132495, 0, 169, 379, 365, 39, 0.63%, 31, 0, 3, 817.08
1663132510, 0, 198, 379, 363, 38, 0.63%, 31, 0, 3, 868.94
1663132530, 0, 198, 380, 364, 38, 0.63%, 31, 0, 3, 706.52
1663132535, 0, 198, 382, 366, 38, 0.63%, 31, 0, 3, 769.71
1663132540, 0, 198, 383, 367, 38, 0.63%, 31, 0, 3, 781.29
1663132546, 0, 198, 387, 371, 38, 0.63%, 31, 0, 3, 785.41
1663132556, 0, 198, 391, 375, 38, 0.63%, 31, 0, 3, 782.06
1663132561, 0, 204, 392, 375, 38, 0.63%, 31, 0, 3, 806.21
1663132592, 0, 211, 392, 374, 38, 0.63%, 31, 0, 3, 829.97
1663132597, 0, 216, 392, 373, 37, 0.63%, 31, 0, 3, 833.93
1663132602, 0, 221, 392, 371, 35, 0.63%, 32, 0, 3, 860.76
1663132607, 0, 239, 392, 370, 34, 0.63%, 32, 0, 3, 868.69
1663132628, 0, 240, 392, 369, 34, 0.63%, 33, 0, 3, 865.55
1663132643, 0, 243, 392, 368, 33, 0.63%, 33, 0, 3, 869.79
1663132648, 0, 247, 393, 368, 32, 0.63%, 33, 0, 3, 871.55
1663132658, 0, 252, 394, 368, 32, 0.63%, 33, 0, 3, 865.64
1663132668, 0, 256, 394, 367, 31, 0.63%, 34, 0, 3, 867.69
1663132678, 0, 260, 394, 366, 30, 0.63%, 34, 0, 3, 869.04
1663132683, 0, 268, 395, 366, 29, 0.63%, 34, 0, 3, 868.61
1663132689, 0, 268, 396, 367, 29, 0.63%, 35, 0, 3, 869.80
1663132694, 0, 268, 397, 368, 29, 0.63%, 35, 0, 3, 867.85
1663132699, 0, 268, 401, 372, 29, 0.63%, 36, 0, 3, 869.58
1663132704, 0, 268, 402, 373, 29, 0.63%, 36, 0, 3, 865.84
1663132709, 0, 268, 403, 374, 29, 0.63%, 36, 0, 3, 858.06
1663132714, 0, 268, 406, 377, 29, 0.63%, 36, 0, 3, 869.53
1663132719, 0, 268, 408, 379, 29, 0.63%, 36, 0, 3, 871.00
1663132724, 0, 268, 409, 380, 29, 0.63%, 36, 0, 3, 862.16
1663132729, 0, 268, 411, 382, 29, 0.63%, 36, 0, 3, 879.12
1663132734, 0, 273, 411, 381, 30, 0.63%, 36, 0, 3, 879.34
