# unix_time, cycles_done, cur_path, paths_total, pending_total, pending_favs, map_size, unique_crashes, unique_hangs, max_depth, execs_per_sec
1662896934, 0, 0, 1, 1, 1, 0.30%, 0, 0, 1, 195.12
1662896939, 0, 0, 76, 76, 1, 0.49%, 0, 0, 2, 569.38
1662896944, 0, 0, 87, 87, 1, 0.51%, 0, 0, 2, 648.88
1662896949, 0, 0, 96, 96, 1, 0.51%, 0, 0, 2, 671.41
1662896954, 0, 0, 167, 167, 1, 0.52%, 0, 0, 2, 722.61
1662896959, 0, 0, 243, 243, 1, 0.54%, 0, 0, 2, 780.15
1662896964, 0, 0, 277, 277, 1, 0.57%, 0, 0, 2, 806.03
1662896969, 0, 0, 295, 295, 1, 0.58%, 0, 0, 2, 812.78
1662896974, 0, 0, 310, 310, 1, 0.59%, 0, 0, 2, 811.32
1662896979, 0, 0, 320, 320, 1, 0.60%, 0, 0, 2, 815.62
1662896985, 0, 0, 323, 323, 1, 0.60%, 0, 0, 2, 819.93
1662896990, 0, 0, 330, 330, 1, 0.60%, 0, 0, 2, 820.31
1662896995, 0, 0, 336, 336, 1, 0.62%, 0, 0, 2, 822.52
1662897000, 0, 4, 337, 336, 51, 0.62%, 0, 0, 2, 865.37
1662897005, 0, 27, 338, 336, 50, 0.62%, 0, 0, 3, 893.31
1662897020, 0, 27, 341, 339, 50, 0.62%, 0, 0, 3, 891.46
1662897025, 0, 27, 351, 349, 50, 0.62%, 0, 0, 3, 887.21
1662897030, 0, 27, 352, 350, 50, 0.62%, 0, 0, 3, 884.85
1662897036, 0, 27, 358, 356, 50, 0.62%, 0, 0, 3, 881.53
1662897041, 0, 27, 363, 361, 50, 0.62%, 0, 0, 3, 877.87
1662897046, 0, 27, 364, 362, 50, 0.62%, 0, 0, 3, 879.89
1662897051, 0, 27, 367, 365, 50, 0.62%, 0, 0, 3, 886.84
1662897056, 0, 29, 367, 364, 52, 0.62%, 0, 0, 3, 852.38
1662897076, 0, 48, 367, 363, 51, 0.62%, 0, 0, 3, 731.80
1662897096, 0, 49, 367, 362, 50, 0.62%, 0, 0, 3, 705.36
1662897117, 0, 49, 371, 366, 50, 0.62%, 0, 0, 3, 780.90
1662897127, 0, 49, 373, 368, 50, 0.62%, 0, 0, 3, 808.67
1662897132, 0, 49, 374, 369, 50, 0.62%, 0, 0, 3, 811.07
1662897137, 0, 49, 376, 371, 50, 0.62%, 0, 0, 3, 813.93
1662897142, 0, 49, 380, 375, 50, 0.62%, 0, 0, 3, 808.24
1662897147, 0, 49, 381, 376, 50, 0.63%, 0, 0, 3, 812.43
1662897152, 0, 49, 384, 379, 50, 0.63%, 0, 0, 3, 815.54
1662897158, 0, 50, 384, 378, 50, 0.63%, 0, 0, 3, 701.53
1662897173, 0, 50, 386, 380, 50, 0.63%, 0, 0, 3, 738.42
1662897178, 0, 85, 386, 379, 49, 0.63%, 0, 0, 3, 751.54
1662897198, 0, 121, 386, 377, 47, 0.63%, 0, 0, 3, 818.27
1662897214, 0, 123, 386, 376, 46, 0.63%, 0, 0, 3, 888.79
1662897219, 0, 139, 386, 374, 44, 0.63%, 0, 0, 3, 891.92
