# unix_time, cycles_done, cur_path, paths_total, pending_total, pending_favs, map_size, unique_crashes, unique_hangs, max_depth, execs_per_sec
1662918085, 0, 0, 1, 1, 1, 0.30%, 0, 0, 1, 210.53
1662918091, 0, 0, 75, 75, 1, 0.49%, 0, 0, 2, 579.05
1662918096, 0, 0, 86, 86, 1, 0.50%, 0, 0, 2, 645.38
1662918101, 0, 0, 95, 95, 1, 0.50%, 1, 0, 2, 668.54
1662918106, 0, 0, 157, 157, 1, 0.51%, 3, 0, 2, 707.63
1662918111, 0, 0, 226, 226, 1, 0.55%, 6, 0, 2, 718.96
1662918116, 0, 0, 261, 261, 1, 0.56%, 11, 0, 2, 793.95
1662918121, 0, 0, 272, 272, 1, 0.56%, 12, 0, 2, 810.88
1662918126, 0, 0, 284, 284, 1, 0.56%, 12, 0, 2, 805.22
1662918131, 0, 0, 293, 293, 1, 0.57%, 12, 0, 2, 809.16
1662918136, 0, 0, 302, 302, 1, 0.57%, 13, 0, 2, 814.47
1662918141, 0, 0, 308, 308, 1, 0.58%, 15, 0, 2, 810.25
