# unix_time, cycles_done, cur_path, paths_total, pending_total, pending_favs, map_size, unique_crashes, unique_hangs, max_depth, execs_per_sec
1662368670, 0, 0, 1, 1, 1, 0.30%, 0, 0, 1, 200.00
1662368675, 0, 0, 75, 75, 1, 0.49%, 0, 0, 2, 570.12
1662368680, 0, 0, 87, 87, 1, 0.51%, 0, 0, 2, 640.28
1662368685, 0, 0, 96, 96, 1, 0.51%, 0, 0, 2, 664.41
1662368690, 0, 0, 161, 161, 1, 0.51%, 0, 0, 2, 716.61
1662368695, 0, 0, 238, 238, 1, 0.56%, 0, 0, 2, 728.44
1662368701, 0, 0, 271, 271, 1, 0.57%, 0, 0, 2, 788.17
1662368706, 0, 0, 287, 287, 1, 0.57%, 0, 0, 2, 802.22
1662368711, 0, 0, 302, 302, 1, 0.59%, 0, 0, 2, 801.31
1662368716, 0, 0, 308, 308, 1, 0.60%, 0, 0, 2, 805.32
1662368721, 0, 0, 316, 316, 1, 0.60%, 0, 0, 2, 801.89
1662368726, 0, 0, 317, 317, 1, 0.60%, 0, 0, 2, 805.35
1662368731, 0, 0, 320, 320, 1, 0.60%, 0, 0, 2, 800.53
1662368736, 0, 4, 323, 322, 48, 0.60%, 0, 0, 2, 846.64
1662368746, 0, 29, 323, 321, 47, 0.60%, 0, 0, 2, 699.69
1662368762, 0, 29, 325, 323, 47, 0.60%, 0, 0, 3, 737.32
1662368767, 0, 29, 332, 330, 47, 0.60%, 0, 0, 3, 786.98
1662368772, 0, 29, 337, 335, 47, 0.60%, 0, 0, 3, 798.60
1662368777, 0, 29, 340, 338, 47, 0.60%, 0, 0, 3, 803.23
1662368782, 0, 29, 343, 341, 47, 0.60%, 0, 0, 3, 806.83
1662368787, 0, 29, 348, 346, 47, 0.61%, 0, 0, 3, 798.93
1662368792, 0, 48, 349, 346, 47, 0.61%, 0, 0, 3, 742.06
1662368813, 0, 50, 349, 345, 46, 0.61%, 0, 0, 3, 682.95
1662368833, 0, 66, 351, 346, 46, 0.61%, 0, 0, 3, 812.67
1662368849, 0, 66, 354, 349, 46, 0.61%, 0, 0, 3, 866.24
1662368854, 0, 66, 358, 353, 46, 0.63%, 0, 0, 3, 867.37
1662368864, 0, 66, 361, 356, 46, 0.63%, 0, 0, 3, 871.14
1662368869, 0, 66, 365, 360, 46, 0.63%, 0, 0, 3, 863.89
1662368874, 0, 85, 367, 361, 50, 0.63%, 0, 0, 3, 824.02
1662368895, 0, 86, 367, 360, 49, 0.63%, 0, 0, 3, 719.00
1662368915, 0, 98, 367, 359, 48, 0.63%, 0, 0, 3, 783.97
1662368930, 0, 119, 368, 359, 48, 0.64%, 0, 0, 3, 848.51
1662368941, 0, 125, 368, 358, 47, 0.64%, 0, 0, 3, 868.56
1662368946, 0, 127, 368, 357, 46, 0.64%, 0, 0, 3, 874.54
1662368956, 0, 150, 368, 355, 44, 0.64%, 0, 0, 3, 863.56
