# unix_time, cycles_done, cur_path, paths_total, pending_total, pending_favs, map_size, unique_crashes, unique_hangs, max_depth, execs_per_sec
1662919606, 0, 0, 1, 1, 1, 0.25%, 0, 0, 1, 181.82
1662919611, 0, 0, 56, 56, 1, 0.37%, 0, 0, 2, 568.74
1662919616, 0, 0, 63, 63, 1, 0.38%, 0, 0, 2, 647.88
1662919621, 0, 0, 69, 69, 1, 0.38%, 0, 0, 2, 662.32
1662919626, 0, 0, 134, 134, 1, 0.39%, 0, 0, 2, 716.51
1662919631, 0, 0, 188, 188, 1, 0.40%, 1, 0, 2, 796.66
1662919636, 0, 0, 211, 211, 1, 0.40%, 2, 0, 2, 807.54
1662919642, 0, 0, 227, 227, 1, 0.40%, 3, 0, 2, 810.21
1662919647, 0, 0, 234, 234, 1, 0.40%, 5, 0, 2, 810.51
1662919652, 0, 0, 240, 240, 1, 0.40%, 5, 0, 2, 812.74
1662919657, 0, 0, 246, 246, 1, 0.41%, 6, 0, 2, 813.02
