# unix_time, cycles_done, cur_path, paths_total, pending_total, pending_favs, map_size, unique_crashes, unique_hangs, max_depth, execs_per_sec
1662370533, 0, 0, 1, 1, 1, 0.31%, 0, 0, 1, 200.00
1662370538, 0, 0, 74, 74, 1, 0.51%, 0, 0, 2, 570.50
1662370543, 0, 0, 85, 85, 1, 0.52%, 1, 0, 2, 644.08
1662370548, 0, 0, 94, 94, 1, 0.52%, 1, 0, 2, 661.69
1662370553, 0, 0, 155, 155, 1, 0.55%, 3, 0, 2, 721.52
1662370558, 0, 0, 227, 227, 1, 0.57%, 6, 0, 2, 738.06
1662370563, 0, 0, 264, 264, 1, 0.57%, 10, 0, 2, 793.92
1662370569, 0, 0, 281, 281, 1, 0.58%, 11, 0, 2, 805.88
1662370574, 0, 0, 290, 290, 1, 0.58%, 15, 0, 2, 803.71
1662370579, 0, 0, 297, 297, 1, 0.58%, 17, 0, 2, 808.51
1662370584, 0, 0, 301, 301, 1, 0.58%, 18, 0, 2, 809.77
1662370589, 0, 0, 310, 310, 1, 0.59%, 22, 0, 2, 812.96
1662370594, 0, 0, 314, 314, 1, 0.59%, 22, 0, 2, 808.20
1662370599, 0, 29, 318, 317, 45, 0.60%, 23, 0, 2, 706.16
1662370609, 0, 29, 318, 317, 45, 0.60%, 24, 0, 2, 662.54
1662370614, 0, 29, 319, 318, 45, 0.60%, 24, 0, 3, 705.14
1662370619, 0, 29, 326, 325, 45, 0.60%, 24, 0, 3, 780.65
1662370625, 0, 29, 330, 329, 45, 0.60%, 25, 0, 3, 802.72
1662370630, 0, 29, 334, 333, 45, 0.62%, 25, 0, 3, 808.86
1662370635, 0, 29, 336, 335, 45, 0.62%, 27, 0, 3, 809.88
1662370640, 0, 29, 338, 337, 45, 0.62%, 27, 0, 3, 806.09
1662370645, 0, 39, 340, 338, 46, 0.62%, 28, 0, 3, 779.51
1662370655, 0, 39, 341, 339, 46, 0.62%, 28, 0, 3, 666.82
1662370665, 0, 39, 345, 343, 46, 0.62%, 28, 0, 3, 762.87
1662370671, 0, 39, 348, 346, 46, 0.62%, 29, 0, 3, 808.16
1662370676, 0, 39, 349, 347, 46, 0.62%, 29, 0, 3, 808.26
1662370681, 0, 39, 351, 349, 46, 0.63%, 30, 0, 3, 803.42
1662370686, 0, 39, 353, 351, 46, 0.63%, 30, 0, 3, 807.59
1662370691, 0, 39, 355, 353, 46, 0.63%, 30, 0, 3, 806.98
1662370696, 0, 48, 356, 353, 46, 0.63%, 32, 0, 3, 717.48
1662370711, 0, 48, 357, 354, 46, 0.63%, 32, 0, 3, 697.22
1662370717, 0, 66, 357, 353, 46, 0.63%, 32, 0, 3, 831.26
1662370722, 0, 66, 357, 353, 46, 0.63%, 33, 0, 3, 865.02
1662370732, 0, 66, 363, 359, 46, 0.63%, 34, 0, 3, 864.43
1662370737, 0, 66, 365, 361, 46, 0.63%, 35, 0, 3, 867.87
1662370742, 0, 66, 366, 362, 46, 0.63%, 35, 0, 3, 875.45
1662370747, 0, 66, 370, 366, 46, 0.63%, 36, 0, 3, 874.37
1662370757, 0, 74, 371, 366, 48, 0.63%, 36, 0, 3, 875.82
1662370767, 0, 74, 372, 367, 48, 0.63%, 36, 0, 3, 888.17
1662370772, 0, 84, 372, 366, 47, 0.63%, 36, 0, 3, 731.82
1662370788, 0, 84, 373, 367, 47, 0.63%, 36, 0, 3, 724.69
1662370793, 0, 118, 373, 364, 45, 0.63%, 36, 0, 3, 838.02
1662370798, 0, 143, 374, 362, 42, 0.63%, 38, 0, 3, 869.74
1662370818, 0, 143, 375, 363, 42, 0.63%, 38, 0, 3, 729.99
1662370823, 0, 145, 375, 362, 41, 0.63%, 38, 0, 3, 839.99
