# unix_time, cycles_done, cur_path, paths_total, pending_total, pending_favs, map_size, unique_crashes, unique_hangs, max_depth, execs_per_sec
1662896629, 0, 0, 1, 1, 1, 0.30%, 0, 0, 1, 166.67
1662896635, 0, 0, 75, 75, 1, 0.49%, 0, 0, 2, 566.01
1662896640, 0, 0, 85, 85, 1, 0.50%, 0, 0, 2, 641.57
1662896645, 0, 0, 96, 96, 1, 0.51%, 0, 0, 2, 664.24
1662896650, 0, 0, 163, 163, 1, 0.52%, 0, 0, 2, 721.87
1662896655, 0, 0, 236, 236, 1, 0.56%, 0, 0, 2, 726.29
1662896660, 0, 0, 270, 270, 1, 0.57%, 0, 0, 2, 798.40
1662896665, 0, 0, 287, 287, 1, 0.57%, 0, 0, 2, 809.30
1662896670, 0, 0, 299, 299, 1, 0.60%, 0, 0, 2, 816.18
1662896675, 0, 0, 309, 309, 1, 0.60%, 0, 0, 2, 820.45
1662896680, 0, 0, 316, 316, 1, 0.60%, 0, 0, 2, 816.63
1662896685, 0, 0, 320, 320, 1, 0.60%, 0, 0, 2, 814.69
1662896690, 0, 0, 325, 325, 1, 0.60%, 0, 0, 2, 817.69
1662896695, 0, 24, 329, 328, 48, 0.60%, 0, 0, 2, 709.08
1662896716, 0, 29, 329, 327, 47, 0.60%, 0, 0, 2, 686.49
1662896731, 0, 29, 330, 328, 47, 0.60%, 0, 0, 3, 726.98
1662896736, 0, 29, 334, 332, 47, 0.60%, 0, 0, 3, 798.10
1662896741, 0, 29, 335, 333, 47, 0.60%, 0, 0, 3, 810.77
1662896746, 0, 29, 337, 335, 47, 0.60%, 0, 0, 3, 807.17
1662896752, 0, 29, 340, 338, 47, 0.60%, 0, 0, 3, 806.99
1662896757, 0, 29, 345, 343, 47, 0.61%, 0, 0, 3, 810.03
1662896762, 0, 39, 347, 344, 49, 0.62%, 0, 0, 3, 762.02
1662896772, 0, 39, 348, 345, 49, 0.62%, 0, 0, 3, 674.15
1662896782, 0, 39, 350, 347, 49, 0.62%, 0, 0, 3, 781.98
1662896787, 0, 39, 353, 350, 49, 0.62%, 0, 0, 3, 810.71
1662896792, 0, 39, 356, 353, 49, 0.62%, 0, 0, 3, 820.23
1662896797, 0, 39, 359, 356, 49, 0.62%, 0, 0, 3, 820.82
1662896802, 0, 39, 362, 359, 49, 0.62%, 0, 0, 3, 821.53
1662896807, 0, 39, 364, 361, 49, 0.62%, 0, 0, 3, 815.62
1662896812, 0, 48, 364, 360, 50, 0.62%, 0, 0, 3, 715.12
1662896833, 0, 51, 364, 359, 49, 0.62%, 0, 0, 3, 678.89
1662896848, 0, 66, 364, 358, 49, 0.62%, 0, 0, 3, 765.25
1662896863, 0, 66, 367, 361, 49, 0.62%, 0, 0, 3, 884.16
1662896873, 0, 66, 370, 364, 49, 0.63%, 0, 0, 3, 877.22
1662896878, 0, 66, 373, 367, 49, 0.63%, 0, 0, 3, 881.45
1662896883, 0, 66, 374, 368, 49, 0.63%, 0, 0, 3, 870.98
1662896888, 0, 66, 377, 371, 49, 0.64%, 0, 0, 3, 878.86
1662896893, 0, 66, 378, 372, 49, 0.64%, 0, 0, 3, 883.73
1662896899, 0, 72, 378, 371, 49, 0.64%, 0, 0, 3, 860.88
1662896919, 0, 85, 378, 370, 48, 0.64%, 0, 0, 3, 704.95
