# unix_time, cycles_done, cur_path, paths_total, pending_total, pending_favs, map_size, unique_crashes, unique_hangs, max_depth, execs_per_sec
1663125420, 0, 0, 1, 1, 1, 0.30%, 0, 0, 1, 173.91
1663125425, 0, 0, 75, 75, 1, 0.49%, 0, 0, 2, 560.47
1663125430, 0, 0, 85, 85, 1, 0.50%, 0, 0, 2, 637.58
1663125435, 0, 0, 96, 96, 1, 0.51%, 0, 0, 2, 641.68
1663125441, 0, 0, 150, 150, 1, 0.52%, 0, 0, 2, 684.82
1663125446, 0, 0, 237, 237, 1, 0.56%, 0, 0, 2, 710.42
1663125451, 0, 0, 271, 271, 1, 0.56%, 0, 0, 2, 776.74
1663125456, 0, 0, 291, 291, 1, 0.57%, 0, 0, 2, 791.26
1663125461, 0, 0, 300, 300, 1, 0.58%, 0, 0, 2, 797.67
1663125466, 0, 0, 306, 306, 1, 0.58%, 0, 0, 2, 796.16
1663125472, 0, 0, 312, 312, 1, 0.58%, 0, 0, 2, 798.59
1663125477, 0, 0, 317, 317, 1, 0.58%, 0, 0, 2, 789.56
1663125482, 0, 0, 322, 322, 1, 0.58%, 0, 0, 2, 804.38
1663125487, 0, 5, 324, 323, 47, 0.58%, 0, 0, 2, 838.62
1663125497, 0, 23, 325, 323, 46, 0.58%, 0, 0, 3, 765.75
1663125518, 0, 23, 332, 330, 46, 0.59%, 0, 0, 3, 764.39
1663125523, 0, 23, 339, 337, 46, 0.59%, 0, 0, 3, 788.61
1663125528, 0, 23, 345, 343, 46, 0.59%, 0, 0, 3, 785.90
1663125533, 0, 23, 347, 345, 46, 0.59%, 0, 0, 3, 780.08
1663125544, 0, 23, 352, 350, 46, 0.61%, 0, 0, 3, 782.41
1663125549, 0, 24, 352, 349, 48, 0.61%, 0, 0, 3, 672.01
1663125569, 0, 27, 352, 348, 47, 0.61%, 0, 0, 3, 808.01
1663125584, 0, 29, 352, 347, 47, 0.61%, 0, 0, 3, 747.15
1663125600, 0, 29, 354, 349, 47, 0.61%, 0, 0, 3, 716.59
1663125605, 0, 29, 358, 353, 47, 0.61%, 0, 0, 3, 801.13
1663125610, 0, 29, 361, 356, 47, 0.62%, 0, 0, 3, 811.17
1663125615, 0, 29, 362, 357, 47, 0.62%, 0, 0, 3, 811.62
1663125620, 0, 29, 364, 359, 47, 0.62%, 0, 0, 3, 809.88
1663125625, 0, 50, 365, 359, 46, 0.62%, 0, 0, 3, 720.69
1663125645, 0, 58, 365, 358, 45, 0.62%, 0, 0, 3, 686.94
1663125661, 0, 72, 365, 357, 45, 0.62%, 0, 0, 3, 745.64
1663125681, 0, 72, 366, 358, 45, 0.62%, 0, 0, 3, 749.24
1663125686, 0, 74, 366, 357, 45, 0.62%, 0, 0, 3, 860.89
1663125696, 0, 85, 366, 356, 44, 0.62%, 0, 0, 3, 730.07
1663125711, 0, 85, 367, 357, 44, 0.62%, 0, 0, 3, 741.12
1663125716, 0, 86, 367, 356, 43, 0.62%, 0, 0, 3, 723.81
1663125737, 0, 95, 367, 355, 42, 0.62%, 0, 0, 3, 699.33
1663125757, 0, 113, 368, 353, 40, 0.62%, 0, 0, 3, 784.52
1663125782, 0, 113, 369, 354, 40, 0.62%, 0, 0, 3, 733.30
1663125788, 0, 113, 370, 355, 40, 0.62%, 0, 0, 3, 797.03
1663125793, 0, 142, 370, 353, 39, 0.62%, 0, 0, 3, 748.99
1663125798, 0, 152, 370, 352, 38, 0.62%, 0, 0, 3, 795.92
1663125808, 0, 152, 371, 353, 38, 0.62%, 0, 0, 3, 894.10
1663125818, 0, 152, 372, 354, 38, 0.62%, 0, 0, 3, 891.59
1663125823, 0, 153, 372, 353, 38, 0.62%, 0, 0, 3, 878.56
1663125833, 0, 158, 374, 354, 37, 0.62%, 0, 0, 3, 876.79
1663125844, 0, 175, 374, 353, 38, 0.62%, 0, 0, 3, 891.54
1663125859, 0, 176, 374, 352, 37, 0.62%, 0, 0, 3, 900.60
1663125864, 0, 193, 374, 350, 35, 0.62%, 0, 0, 3, 899.56
1663125869, 0, 210, 374, 349, 34, 0.62%, 0, 0, 3, 895.11
1663125880, 0, 215, 374, 348, 33, 0.62%, 0, 0, 3, 888.61
1663125895, 0, 220, 374, 346, 31, 0.62%, 0, 0, 3, 888.53
1663125916, 0, 226, 374, 345, 30, 0.62%, 0, 0, 3, 896.90
1663125926, 0, 233, 374, 344, 29, 0.62%, 0, 0, 3, 895.41
1663125936, 0, 253, 374, 343, 28, 0.62%, 0, 0, 3, 894.66
1663125941, 0, 270, 374, 341, 26, 0.62%, 0, 0, 3, 895.04
1663125947, 0, 282, 374, 340, 25, 0.62%, 0, 0, 3, 898.40
1663125952, 0, 285, 375, 340, 24, 0.63%, 0, 0, 3, 883.48
1663125962, 0, 291, 376, 340, 24, 0.63%, 0, 0, 3, 884.30
1663125967, 0, 291, 377, 341, 24, 0.63%, 0, 0, 3, 710.22
1663125993, 0, 291, 378, 342, 24, 0.63%, 0, 0, 3, 727.62
1663125998, 0, 291, 379, 343, 24, 0.63%, 0, 0, 3, 768.15
1663126003, 0, 291, 383, 347, 24, 0.63%, 0, 0, 3, 779.86
1663126008, 0, 291, 384, 348, 24, 0.64%, 0, 0, 3, 774.82
