# unix_time, cycles_done, cur_path, paths_total, pending_total, pending_favs, map_size, unique_crashes, unique_hangs, max_depth, execs_per_sec
1662918227, 0, 0, 1, 1, 1, 0.30%, 0, 0, 1, 181.82
1662918232, 0, 0, 75, 75, 1, 0.49%, 0, 0, 2, 566.66
1662918237, 0, 0, 85, 85, 1, 0.49%, 0, 0, 2, 642.49
1662918242, 0, 0, 95, 95, 1, 0.50%, 1, 0, 2, 660.14
1662918247, 0, 0, 151, 151, 1, 0.51%, 1, 0, 2, 700.75
1662918252, 0, 0, 222, 222, 1, 0.55%, 6, 0, 2, 704.56
1662918257, 0, 0, 250, 250, 1, 0.57%, 7, 0, 2, 782.91
1662918262, 0, 0, 273, 273, 1, 0.57%, 10, 0, 2, 805.69
1662918267, 0, 0, 282, 282, 1, 0.57%, 11, 0, 2, 805.75
1662918272, 0, 0, 288, 288, 1, 0.57%, 12, 0, 2, 809.48
1662918277, 0, 0, 297, 297, 1, 0.57%, 12, 0, 2, 797.79
1662918283, 0, 0, 304, 304, 1, 0.57%, 13, 0, 2, 798.60
