# unix_time, cycles_done, cur_path, paths_total, pending_total, pending_favs, map_size, unique_crashes, unique_hangs, max_depth, execs_per_sec
1663138856, 0, 0, 1, 1, 1, 0.28%, 0, 0, 1, 186.05
1663138861, 0, 0, 62, 62, 1, 0.41%, 0, 0, 2, 562.91
1663138866, 0, 0, 70, 70, 1, 0.43%, 0, 0, 2, 645.36
1663138871, 0, 0, 78, 78, 1, 0.43%, 0, 0, 2, 662.19
1663138876, 0, 0, 138, 138, 1, 0.44%, 1, 0, 2, 719.67
1663138881, 0, 0, 210, 210, 1, 0.46%, 3, 0, 2, 762.01
1663138886, 0, 0, 240, 240, 1, 0.46%, 3, 0, 2, 795.24
1663138891, 0, 0, 252, 252, 1, 0.47%, 4, 0, 2, 806.86
1663138896, 0, 0, 262, 262, 1, 0.49%, 6, 0, 2, 808.00
1663138901, 0, 0, 269, 269, 1, 0.49%, 6, 0, 2, 805.75
1663138906, 0, 0, 280, 280, 1, 0.49%, 6, 0, 2, 805.93
1663138911, 0, 0, 281, 281, 1, 0.49%, 6, 0, 2, 803.80
1663138917, 0, 0, 286, 286, 1, 0.49%, 7, 0, 2, 801.36
1663138922, 0, 69, 286, 285, 32, 0.49%, 7, 0, 2, 705.33
1663138942, 0, 80, 286, 284, 31, 0.49%, 8, 0, 2, 838.93
1663138952, 0, 116, 286, 281, 28, 0.49%, 8, 0, 2, 874.58
1663138962, 0, 125, 286, 280, 27, 0.49%, 8, 0, 2, 876.82
1663138988, 0, 125, 290, 284, 27, 0.49%, 8, 0, 3, 871.40
1663138993, 0, 125, 292, 286, 27, 0.49%, 9, 0, 3, 872.62
1663138998, 0, 125, 294, 288, 27, 0.49%, 9, 0, 3, 870.51
1663139003, 0, 125, 296, 290, 27, 0.49%, 9, 0, 3, 870.85
1663139008, 0, 125, 297, 291, 27, 0.49%, 9, 0, 3, 869.15
1663139013, 0, 125, 299, 293, 27, 0.49%, 10, 0, 3, 869.83
1663139018, 0, 125, 301, 295, 27, 0.49%, 10, 0, 3, 871.94
1663139023, 0, 126, 302, 295, 29, 0.49%, 10, 0, 3, 873.96
1663139029, 0, 136, 303, 294, 27, 0.49%, 10, 0, 3, 877.59
1663139034, 0, 142, 303, 293, 26, 0.49%, 10, 0, 3, 757.61
1663139049, 0, 145, 303, 292, 25, 0.49%, 11, 0, 3, 816.51
1663139054, 0, 162, 303, 291, 24, 0.49%, 11, 0, 3, 726.42
1663139074, 0, 162, 304, 292, 24, 0.49%, 12, 0, 3, 715.07
1663139080, 0, 175, 304, 291, 23, 0.49%, 12, 0, 3, 838.11
1663139090, 0, 180, 304, 290, 22, 0.49%, 12, 0, 3, 870.95
1663139095, 0, 185, 305, 290, 21, 0.49%, 12, 0, 3, 875.53
1663139100, 0, 194, 305, 289, 20, 0.49%, 12, 0, 3, 881.32
1663139105, 0, 201, 305, 288, 18, 0.49%, 12, 0, 3, 876.85
1663139115, 0, 201, 305, 288, 18, 0.49%, 13, 0, 3, 874.85
1663139120, 0, 201, 312, 295, 18, 0.50%, 13, 0, 3, 871.65
1663139125, 0, 201, 314, 297, 18, 0.50%, 13, 0, 3, 870.45
1663139135, 0, 201, 317, 300, 18, 0.50%, 13, 0, 3, 870.06
1663139146, 0, 201, 322, 305, 18, 0.50%, 13, 0, 3, 875.30
1663139151, 0, 201, 323, 306, 18, 0.50%, 13, 0, 3, 868.79
1663139156, 0, 205, 323, 305, 20, 0.50%, 13, 0, 3, 868.50
1663139171, 0, 205, 325, 307, 20, 0.50%, 13, 0, 3, 869.03
1663139176, 0, 206, 325, 306, 20, 0.50%, 13, 0, 3, 767.35
1663139202, 0, 206, 329, 310, 20, 0.50%, 14, 0, 3, 742.14
1663139207, 0, 206, 333, 314, 20, 0.50%, 14, 0, 3, 766.81
1663139217, 0, 206, 334, 315, 20, 0.50%, 14, 0, 3, 776.75
1663139222, 0, 206, 338, 319, 20, 0.50%, 14, 0, 3, 766.57
1663139227, 0, 206, 339, 320, 20, 0.50%, 14, 0, 3, 773.83
1663139232, 0, 210, 339, 319, 21, 0.50%, 14, 0, 3, 827.02
1663139242, 0, 229, 339, 318, 20, 0.50%, 14, 0, 3, 867.81
1663139252, 0, 232, 339, 317, 19, 0.50%, 14, 0, 3, 870.54
1663139262, 0, 233, 340, 317, 18, 0.50%, 14, 0, 3, 740.27
1663139278, 0, 241, 340, 316, 18, 0.50%, 14, 0, 3, 836.48
1663139283, 0, 241, 341, 317, 18, 0.51%, 14, 0, 3, 872.43
1663139288, 0, 250, 341, 316, 17, 0.51%, 14, 0, 3, 816.17
1663139319, 0, 267, 345, 319, 16, 0.51%, 14, 0, 3, 800.26
1663139329, 0, 278, 346, 319, 16, 0.51%, 14, 0, 3, 868.59
1663139339, 0, 281, 347, 319, 15, 0.51%, 14, 0, 3, 880.13
1663139349, 0, 281, 348, 320, 15, 0.51%, 14, 0, 3, 880.36
1663139354, 0, 281, 350, 322, 15, 0.51%, 14, 0, 3, 872.67
1663139359, 0, 284, 350, 321, 15, 0.51%, 14, 0, 3, 871.91
1663139369, 0, 284, 353, 324, 15, 0.51%, 14, 0, 3, 868.90
1663139379, 0, 288, 353, 323, 14, 0.51%, 14, 0, 3, 874.85
1663139389, 0, 294, 355, 324, 13, 0.51%, 14, 0, 4, 874.93
1663139395, 0, 294, 357, 326, 13, 0.51%, 15, 0, 4, 880.04
1663139400, 0, 296, 357, 325, 13, 0.51%, 15, 0, 4, 878.94
1663139405, 0, 296, 360, 328, 13, 0.51%, 15, 0, 4, 887.42
1663139415, 0, 296, 373, 341, 13, 0.52%, 15, 0, 4, 872.69
1663139420, 0, 296, 378, 346, 13, 0.52%, 15, 0, 4, 866.96
1663139435, 0, 296, 379, 347, 13, 0.52%, 15, 0, 4, 876.62
1663139445, 0, 296, 380, 348, 13, 0.52%, 15, 0, 4, 873.12
1663139450, 0, 311, 381, 348, 14, 0.52%, 15, 0, 4, 874.50
