# unix_time, cycles_done, cur_path, paths_total, pending_total, pending_favs, map_size, unique_crashes, unique_hangs, max_depth, execs_per_sec
1662919058, 0, 0, 1, 1, 1, 0.28%, 0, 0, 1, 170.21
1662919063, 0, 0, 62, 62, 1, 0.41%, 0, 0, 2, 563.32
1662919068, 0, 0, 70, 70, 1, 0.42%, 0, 0, 2, 647.00
1662919073, 0, 0, 78, 78, 1, 0.42%, 0, 0, 2, 664.55
1662919078, 0, 0, 142, 142, 1, 0.43%, 0, 0, 2, 716.17
1662919083, 0, 0, 210, 210, 1, 0.44%, 3, 0, 2, 784.40
1662919088, 0, 0, 231, 231, 1, 0.44%, 4, 0, 2, 801.24
1662919093, 0, 0, 244, 244, 1, 0.45%, 4, 0, 2, 807.27
1662919099, 0, 0, 253, 253, 1, 0.45%, 4, 0, 2, 804.15
1662919104, 0, 0, 265, 265, 1, 0.45%, 4, 0, 2, 799.39
1662919109, 0, 0, 270, 270, 1, 0.45%, 5, 0, 2, 804.88
