# unix_time, cycles_done, cur_path, paths_total, pending_total, pending_favs, map_size, unique_crashes, unique_hangs, max_depth, execs_per_sec
1663137647, 0, 0, 1, 1, 1, 0.30%, 0, 0, 1, 177.78
1663137652, 0, 0, 75, 75, 1, 0.48%, 0, 0, 2, 567.60
1663137657, 0, 0, 86, 86, 1, 0.49%, 1, 0, 2, 640.46
1663137662, 0, 0, 95, 95, 1, 0.49%, 1, 0, 2, 658.77
1663137668, 0, 0, 157, 157, 1, 0.50%, 1, 0, 2, 691.26
1663137673, 0, 0, 233, 233, 1, 0.55%, 7, 0, 2, 721.47
1663137678, 0, 0, 259, 259, 1, 0.55%, 11, 0, 2, 794.22
1663137683, 0, 0, 283, 283, 1, 0.55%, 12, 0, 2, 800.79
1663137688, 0, 0, 296, 296, 1, 0.55%, 14, 0, 2, 807.33
1663137693, 0, 0, 305, 305, 1, 0.55%, 16, 0, 2, 806.06
1663137698, 0, 0, 313, 313, 1, 0.55%, 20, 0, 2, 807.89
1663137703, 0, 0, 315, 315, 1, 0.56%, 21, 0, 2, 810.62
1663137708, 0, 0, 321, 321, 1, 0.56%, 24, 0, 2, 800.04
1663137713, 0, 5, 322, 321, 43, 0.56%, 25, 0, 2, 844.00
1663137723, 0, 19, 322, 320, 42, 0.56%, 25, 0, 2, 773.56
1663137744, 0, 19, 326, 324, 42, 0.59%, 26, 0, 3, 779.49
1663137749, 0, 19, 331, 329, 42, 0.59%, 26, 0, 3, 807.33
1663137754, 0, 19, 333, 331, 42, 0.59%, 28, 0, 3, 803.89
1663137759, 0, 19, 338, 336, 42, 0.60%, 29, 0, 3, 811.12
1663137764, 0, 19, 340, 338, 42, 0.60%, 29, 0, 3, 813.53
1663137770, 0, 19, 341, 339, 42, 0.60%, 29, 0, 3, 808.36
1663137775, 0, 24, 341, 338, 45, 0.60%, 29, 0, 3, 692.47
1663137790, 0, 24, 342, 339, 45, 0.60%, 29, 0, 3, 723.94
1663137795, 0, 24, 346, 343, 45, 0.60%, 29, 0, 3, 785.79
1663137800, 0, 24, 351, 348, 45, 0.60%, 29, 0, 3, 793.12
1663137805, 0, 24, 353, 350, 45, 0.60%, 30, 0, 3, 795.32
1663137811, 0, 24, 355, 352, 45, 0.60%, 31, 0, 3, 794.81
1663137816, 0, 24, 358, 355, 45, 0.61%, 31, 0, 3, 791.74
1663137821, 0, 47, 360, 356, 45, 0.61%, 31, 0, 3, 744.71
1663137831, 0, 47, 360, 356, 45, 0.61%, 32, 0, 3, 667.58
1663137841, 0, 66, 361, 356, 44, 0.61%, 32, 0, 3, 800.03
1663137847, 0, 66, 361, 356, 44, 0.61%, 33, 0, 3, 861.14
1663137857, 0, 72, 361, 355, 43, 0.61%, 33, 0, 3, 775.47
1663137877, 0, 73, 361, 354, 42, 0.61%, 33, 0, 3, 686.79
1663137887, 0, 73, 361, 354, 42, 0.61%, 34, 0, 3, 666.96
1663137898, 0, 76, 361, 353, 41, 0.61%, 34, 0, 3, 679.75
1663137908, 0, 76, 361, 353, 41, 0.61%, 35, 0, 3, 667.53
1663137913, 0, 76, 364, 356, 41, 0.61%, 35, 0, 3, 708.01
1663137918, 0, 76, 366, 358, 41, 0.61%, 36, 0, 3, 791.93
1663137923, 0, 76, 366, 358, 41, 0.61%, 37, 0, 3, 800.19
1663137933, 0, 76, 368, 360, 41, 0.61%, 37, 0, 3, 804.89
1663137944, 0, 85, 370, 361, 41, 0.61%, 37, 0, 3, 760.24
1663137964, 0, 127, 370, 359, 39, 0.61%, 37, 0, 3, 796.56
1663137969, 0, 127, 370, 359, 39, 0.61%, 38, 0, 3, 818.25
1663137974, 0, 148, 370, 358, 38, 0.61%, 38, 0, 3, 852.25
1663137979, 0, 157, 370, 357, 37, 0.61%, 38, 0, 3, 821.17
1663137984, 0, 158, 370, 356, 36, 0.61%, 38, 0, 3, 691.65
1663137994, 0, 158, 372, 358, 36, 0.61%, 38, 0, 3, 728.22
1663138004, 0, 163, 372, 357, 35, 0.61%, 38, 0, 3, 806.71
1663138015, 0, 163, 373, 358, 35, 0.61%, 38, 0, 3, 813.80
1663138020, 0, 174, 373, 356, 34, 0.61%, 39, 0, 3, 823.20
1663138030, 0, 185, 373, 355, 33, 0.61%, 39, 0, 3, 818.41
1663138040, 0, 188, 374, 355, 32, 0.61%, 39, 0, 3, 825.95
1663138050, 0, 193, 374, 354, 31, 0.61%, 39, 0, 3, 876.97
1663138060, 0, 200, 374, 353, 31, 0.61%, 39, 0, 3, 877.29
1663138065, 0, 206, 374, 352, 30, 0.61%, 39, 0, 3, 878.06
1663138070, 0, 223, 374, 350, 28, 0.61%, 39, 0, 3, 812.76
1663138096, 0, 223, 376, 352, 28, 0.61%, 40, 0, 3, 723.81
1663138101, 0, 223, 377, 353, 28, 0.61%, 40, 0, 3, 765.10
1663138106, 0, 223, 381, 357, 28, 0.61%, 40, 0, 3, 771.48
1663138116, 0, 223, 382, 358, 28, 0.61%, 41, 0, 3, 771.38
1663138121, 0, 223, 382, 358, 28, 0.61%, 42, 0, 3, 770.14
1663138126, 0, 229, 383, 358, 29, 0.62%, 42, 0, 3, 808.67
1663138136, 0, 238, 383, 356, 27, 0.62%, 42, 0, 3, 873.30
1663138157, 0, 249, 383, 355, 26, 0.62%, 42, 0, 3, 846.73
1663138167, 0, 249, 384, 356, 26, 0.62%, 42, 0, 3, 879.12
1663138172, 0, 270, 385, 356, 25, 0.62%, 42, 0, 3, 881.34
1663138182, 0, 285, 386, 356, 24, 0.62%, 42, 0, 3, 874.56
1663138197, 0, 288, 386, 355, 23, 0.62%, 42, 0, 3, 873.36
1663138207, 0, 288, 388, 357, 23, 0.62%, 43, 0, 3, 872.22
1663138212, 0, 305, 388, 356, 22, 0.62%, 43, 0, 3, 879.05
1663138223, 0, 311, 391, 358, 21, 0.62%, 43, 0, 3, 867.70
1663138228, 0, 311, 393, 360, 21, 0.62%, 44, 0, 3, 869.94
1663138233, 0, 311, 398, 365, 21, 0.62%, 44, 0, 3, 865.96
1663138238, 0, 311, 399, 366, 21, 0.62%, 45, 0, 3, 863.73
1663138243, 0, 311, 403, 370, 21, 0.62%, 45, 0, 3, 853.87
