# unix_time, cycles_done, cur_path, paths_total, pending_total, pending_favs, map_size, unique_crashes, unique_hangs, max_depth, execs_per_sec
1662917929, 0, 0, 1, 1, 1, 0.31%, 0, 0, 1, 200.00
1662917934, 0, 0, 74, 74, 1, 0.50%, 0, 0, 2, 563.80
1662917939, 0, 0, 84, 84, 1, 0.51%, 0, 0, 2, 636.78
1662917944, 0, 0, 94, 94, 1, 0.52%, 1, 0, 2, 655.76
1662917949, 0, 0, 154, 154, 1, 0.52%, 2, 0, 2, 685.65
1662917954, 0, 0, 232, 232, 1, 0.56%, 3, 0, 2, 741.27
1662917959, 0, 0, 263, 263, 1, 0.57%, 7, 0, 2, 795.05
1662917965, 0, 0, 279, 279, 1, 0.60%, 9, 0, 2, 799.35
1662917970, 0, 0, 299, 299, 1, 0.61%, 13, 0, 2, 802.48
1662917975, 0, 0, 309, 309, 1, 0.61%, 14, 0, 2, 805.78
1662917980, 0, 0, 315, 315, 1, 0.61%, 16, 0, 2, 805.63
