# unix_time, cycles_done, cur_path, paths_total, pending_total, pending_favs, map_size, unique_crashes, unique_hangs, max_depth, execs_per_sec
1663141305, 0, 0, 1, 1, 1, 0.28%, 0, 0, 1, 205.13
1663141310, 0, 0, 62, 62, 1, 0.41%, 0, 0, 2, 571.15
1663141315, 0, 0, 70, 70, 1, 0.42%, 0, 0, 2, 647.24
1663141320, 0, 0, 78, 78, 1, 0.42%, 0, 0, 2, 657.06
1663141325, 0, 0, 140, 140, 1, 0.43%, 0, 0, 2, 711.34
1663141330, 0, 0, 214, 214, 1, 0.43%, 2, 0, 2, 787.53
1663141335, 0, 0, 241, 241, 1, 0.45%, 3, 0, 2, 804.97
1663141340, 0, 0, 248, 248, 1, 0.46%, 3, 0, 2, 803.24
1663141345, 0, 0, 266, 266, 1, 0.48%, 5, 0, 2, 800.96
1663141350, 0, 0, 272, 272, 1, 0.48%, 6, 0, 2, 804.05
1663141355, 0, 0, 277, 277, 1, 0.48%, 7, 0, 2, 808.83
1663141361, 0, 0, 281, 281, 1, 0.48%, 7, 0, 2, 805.27
1663141366, 0, 0, 288, 288, 1, 0.48%, 8, 0, 2, 808.06
1663141371, 0, 14, 289, 288, 32, 0.48%, 9, 0, 2, 837.39
1663141376, 0, 14, 289, 288, 32, 0.48%, 10, 0, 2, 863.25
1663141381, 0, 14, 290, 289, 32, 0.48%, 10, 0, 3, 852.55
1663141386, 0, 14, 295, 294, 32, 0.48%, 10, 0, 3, 864.42
1663141391, 0, 14, 297, 296, 32, 0.48%, 10, 0, 3, 861.21
1663141401, 0, 14, 301, 300, 32, 0.48%, 10, 0, 3, 861.78
1663141412, 0, 14, 302, 301, 32, 0.48%, 11, 0, 3, 857.35
1663141417, 0, 14, 302, 301, 32, 0.48%, 12, 0, 3, 859.11
1663141422, 0, 36, 302, 300, 32, 0.48%, 12, 0, 3, 715.51
1663141437, 0, 55, 302, 299, 32, 0.48%, 12, 0, 3, 769.16
1663141452, 0, 55, 306, 303, 32, 0.48%, 12, 0, 3, 872.43
1663141457, 0, 55, 310, 307, 32, 0.49%, 12, 0, 3, 876.29
1663141463, 0, 55, 313, 310, 32, 0.49%, 12, 0, 3, 876.40
1663141468, 0, 55, 313, 310, 32, 0.49%, 13, 0, 3, 870.95
1663141473, 0, 55, 315, 312, 32, 0.49%, 13, 0, 3, 876.26
1663141478, 0, 55, 316, 313, 32, 0.49%, 13, 0, 3, 877.76
1663141483, 0, 60, 316, 312, 35, 0.49%, 13, 0, 3, 882.87
1663141493, 0, 69, 317, 312, 35, 0.49%, 13, 0, 3, 771.35
1663141513, 0, 82, 317, 311, 34, 0.49%, 13, 0, 3, 820.93
1663141523, 0, 87, 317, 310, 33, 0.49%, 13, 0, 3, 877.36
1663141533, 0, 87, 318, 311, 33, 0.49%, 13, 0, 3, 876.74
1663141538, 0, 87, 321, 314, 33, 0.49%, 13, 0, 3, 872.44
1663141544, 0, 87, 322, 315, 33, 0.49%, 13, 0, 3, 873.37
1663141554, 0, 87, 322, 315, 33, 0.49%, 14, 0, 3, 865.76
1663141559, 0, 87, 326, 319, 33, 0.49%, 15, 0, 3, 871.84
1663141564, 0, 87, 329, 322, 33, 0.49%, 15, 0, 3, 864.87
1663141574, 0, 100, 329, 320, 32, 0.49%, 15, 0, 3, 754.88
1663141589, 0, 102, 329, 319, 31, 0.49%, 15, 0, 3, 859.99
1663141599, 0, 135, 329, 316, 28, 0.49%, 15, 0, 3, 880.24
1663141604, 0, 135, 330, 317, 28, 0.49%, 15, 0, 3, 873.63
1663141609, 0, 160, 330, 314, 25, 0.49%, 15, 0, 3, 881.85
1663141624, 0, 160, 332, 316, 25, 0.49%, 15, 0, 3, 870.74
1663141629, 0, 167, 332, 315, 24, 0.49%, 15, 0, 3, 878.13
1663141639, 0, 167, 333, 316, 24, 0.49%, 15, 0, 3, 876.49
1663141645, 0, 169, 334, 316, 23, 0.49%, 16, 0, 3, 879.24
1663141655, 0, 202, 334, 315, 22, 0.49%, 16, 0, 3, 882.99
1663141660, 0, 217, 335, 315, 21, 0.49%, 16, 0, 3, 886.03
1663141670, 0, 222, 335, 314, 20, 0.49%, 16, 0, 3, 835.34
1663141690, 0, 230, 335, 313, 19, 0.49%, 16, 0, 3, 705.38
1663141721, 0, 230, 337, 315, 19, 0.49%, 16, 0, 3, 735.64
1663141726, 0, 230, 339, 317, 19, 0.49%, 16, 0, 3, 758.43
1663141731, 0, 230, 340, 318, 19, 0.49%, 16, 0, 3, 772.85
1663141736, 0, 230, 343, 321, 19, 0.50%, 16, 0, 3, 770.61
1663141741, 0, 230, 344, 322, 19, 0.50%, 16, 0, 3, 777.35
1663141746, 0, 230, 347, 325, 19, 0.50%, 16, 0, 3, 771.76
1663141751, 0, 236, 347, 324, 21, 0.50%, 17, 0, 3, 825.79
1663141756, 0, 242, 349, 325, 20, 0.50%, 17, 0, 3, 873.27
1663141766, 0, 245, 350, 325, 19, 0.50%, 17, 0, 3, 758.05
1663141792, 0, 245, 351, 326, 19, 0.50%, 18, 0, 3, 712.25
1663141797, 0, 246, 351, 325, 18, 0.50%, 18, 0, 3, 686.32
1663141823, 0, 246, 353, 327, 18, 0.50%, 18, 0, 3, 732.42
1663141828, 0, 248, 353, 326, 17, 0.50%, 18, 0, 3, 782.07
1663141838, 0, 248, 353, 326, 17, 0.50%, 19, 0, 3, 867.74
1663141843, 0, 248, 354, 327, 17, 0.50%, 19, 0, 3, 873.20
1663141848, 0, 249, 354, 326, 16, 0.50%, 19, 0, 3, 876.43
1663141858, 0, 270, 354, 325, 15, 0.50%, 19, 0, 3, 879.36
1663141873, 0, 273, 354, 324, 14, 0.50%, 19, 0, 3, 877.79
1663141888, 0, 275, 354, 323, 13, 0.50%, 19, 0, 3, 878.19
