# unix_time, cycles_done, cur_path, paths_total, pending_total, pending_favs, map_size, unique_crashes, unique_hangs, max_depth, execs_per_sec
1662919467, 0, 0, 1, 1, 1, 0.25%, 0, 0, 1, 200.00
1662919472, 0, 0, 56, 56, 1, 0.37%, 0, 0, 2, 569.60
1662919477, 0, 0, 63, 63, 1, 0.38%, 0, 0, 2, 646.03
1662919482, 0, 0, 69, 69, 1, 0.38%, 0, 0, 2, 665.56
1662919487, 0, 0, 134, 134, 1, 0.38%, 1, 0, 2, 735.05
1662919492, 0, 0, 178, 178, 1, 0.39%, 2, 0, 2, 747.33
1662919497, 0, 0, 208, 208, 1, 0.39%, 2, 0, 2, 796.29
1662919502, 0, 0, 219, 219, 1, 0.40%, 4, 0, 2, 811.75
1662919507, 0, 0, 228, 228, 1, 0.40%, 4, 0, 2, 816.67
1662919512, 0, 0, 235, 235, 1, 0.40%, 6, 0, 2, 806.91
1662919518, 0, 0, 239, 239, 1, 0.41%, 6, 0, 2, 805.56
