# unix_time, cycles_done, cur_path, paths_total, pending_total, pending_favs, map_size, unique_crashes, unique_hangs, max_depth, execs_per_sec
1662917220, 0, 0, 1, 1, 1, 0.30%, 0, 0, 1, 200.00
1662917225, 0, 0, 75, 75, 1, 0.49%, 0, 0, 2, 576.18
1662917230, 0, 0, 86, 86, 1, 0.50%, 0, 0, 2, 642.59
1662917236, 0, 0, 95, 95, 1, 0.51%, 0, 0, 2, 661.59
1662917241, 0, 0, 155, 155, 1, 0.52%, 0, 0, 2, 715.08
1662917246, 0, 0, 245, 245, 1, 0.58%, 0, 0, 2, 729.04
1662917251, 0, 0, 275, 275, 1, 0.60%, 0, 0, 2, 795.28
1662917256, 0, 0, 283, 283, 1, 0.60%, 0, 0, 2, 802.98
1662917261, 0, 0, 301, 301, 1, 0.61%, 0, 0, 2, 814.58
1662917266, 0, 0, 307, 307, 1, 0.61%, 0, 0, 2, 820.19
1662917271, 0, 0, 313, 313, 1, 0.61%, 0, 0, 2, 813.11
1662917276, 0, 0, 319, 319, 1, 0.61%, 0, 0, 2, 819.67
