# unix_time, cycles_done, cur_path, paths_total, pending_total, pending_favs, map_size, unique_crashes, unique_hangs, max_depth, execs_per_sec
1662368365, 0, 0, 1, 1, 1, 0.30%, 0, 0, 1, 186.05
1662368370, 0, 0, 75, 75, 1, 0.49%, 0, 0, 2, 570.00
1662368375, 0, 0, 85, 85, 1, 0.50%, 0, 0, 2, 641.21
1662368380, 0, 0, 96, 96, 1, 0.51%, 0, 0, 2, 664.64
1662368385, 0, 0, 158, 158, 1, 0.53%, 0, 0, 2, 715.15
1662368390, 0, 0, 238, 238, 1, 0.56%, 0, 0, 2, 770.52
1662368395, 0, 0, 272, 272, 1, 0.58%, 0, 0, 2, 799.86
1662368400, 0, 0, 294, 294, 1, 0.58%, 0, 0, 2, 804.29
1662368405, 0, 0, 312, 312, 1, 0.59%, 0, 0, 2, 806.88
1662368410, 0, 0, 320, 320, 1, 0.59%, 0, 0, 2, 796.78
1662368415, 0, 0, 326, 326, 1, 0.59%, 0, 0, 2, 807.87
1662368421, 0, 0, 331, 331, 1, 0.60%, 0, 0, 2, 808.65
1662368426, 0, 0, 333, 333, 1, 0.60%, 0, 0, 2, 810.27
1662368431, 0, 24, 333, 332, 48, 0.60%, 0, 0, 2, 698.80
1662368451, 0, 26, 333, 331, 47, 0.60%, 0, 0, 2, 823.32
1662368461, 0, 26, 334, 332, 47, 0.60%, 0, 0, 3, 884.89
1662368466, 0, 26, 340, 338, 47, 0.60%, 0, 0, 3, 877.28
1662368471, 0, 26, 346, 344, 47, 0.60%, 0, 0, 3, 881.27
1662368477, 0, 26, 347, 345, 47, 0.60%, 0, 0, 3, 877.85
1662368482, 0, 26, 348, 346, 47, 0.60%, 0, 0, 3, 876.15
1662368487, 0, 26, 349, 347, 47, 0.60%, 0, 0, 3, 874.51
1662368492, 0, 26, 351, 349, 47, 0.60%, 0, 0, 3, 880.18
1662368497, 0, 26, 354, 352, 47, 0.60%, 0, 0, 3, 874.19
1662368502, 0, 29, 356, 353, 49, 0.60%, 0, 0, 3, 747.38
1662368522, 0, 48, 356, 352, 48, 0.60%, 0, 0, 3, 691.04
1662368543, 0, 49, 356, 351, 47, 0.60%, 0, 0, 3, 679.78
1662368558, 0, 66, 356, 350, 46, 0.60%, 0, 0, 3, 741.66
1662368573, 0, 66, 360, 354, 46, 0.60%, 0, 0, 3, 878.03
1662368578, 0, 66, 363, 357, 46, 0.60%, 0, 0, 3, 869.13
1662368583, 0, 66, 365, 359, 46, 0.62%, 0, 0, 3, 872.41
1662368588, 0, 66, 369, 363, 46, 0.62%, 0, 0, 3, 876.83
1662368593, 0, 66, 372, 366, 46, 0.62%, 0, 0, 3, 868.32
1662368603, 0, 91, 372, 365, 48, 0.62%, 0, 0, 3, 731.52
1662368624, 0, 115, 372, 364, 48, 0.62%, 0, 0, 3, 850.29
1662368634, 0, 117, 372, 363, 47, 0.62%, 0, 0, 3, 881.31
1662368639, 0, 130, 372, 361, 45, 0.62%, 0, 0, 3, 888.36
1662368644, 0, 141, 372, 359, 43, 0.62%, 0, 0, 3, 885.30
1662368654, 0, 143, 372, 358, 42, 0.62%, 0, 0, 3, 885.92
