# unix_time, cycles_done, cur_path, paths_total, pending_total, pending_favs, map_size, unique_crashes, unique_hangs, max_depth, execs_per_sec
1662918379, 0, 0, 1, 1, 1, 0.30%, 0, 0, 1, 205.13
1662918384, 0, 0, 75, 75, 1, 0.49%, 0, 0, 2, 565.62
1662918389, 0, 0, 85, 85, 1, 0.49%, 0, 0, 2, 635.56
1662918394, 0, 0, 95, 95, 1, 0.50%, 1, 0, 2, 659.65
1662918399, 0, 0, 152, 152, 1, 0.51%, 1, 0, 2, 705.95
1662918405, 0, 0, 221, 221, 1, 0.54%, 6, 0, 2, 721.10
1662918410, 0, 0, 251, 251, 1, 0.57%, 9, 0, 2, 786.57
1662918415, 0, 0, 267, 267, 1, 0.58%, 11, 0, 2, 798.41
1662918420, 0, 0, 285, 285, 1, 0.59%, 12, 0, 2, 804.31
1662918425, 0, 0, 291, 291, 1, 0.59%, 15, 0, 2, 807.29
1662918430, 0, 0, 298, 298, 1, 0.59%, 17, 0, 2, 801.63
