# unix_time, cycles_done, cur_path, paths_total, pending_total, pending_favs, map_size, unique_crashes, unique_hangs, max_depth, execs_per_sec
1663135224, 0, 0, 1, 1, 1, 0.30%, 0, 0, 1, 177.78
1663135230, 0, 0, 75, 75, 1, 0.49%, 0, 0, 2, 568.32
1663135235, 0, 0, 86, 86, 1, 0.50%, 1, 0, 2, 641.21
1663135240, 0, 0, 95, 95, 1, 0.50%, 1, 0, 2, 659.80
1663135245, 0, 0, 161, 161, 1, 0.51%, 2, 0, 2, 712.72
1663135250, 0, 0, 237, 237, 1, 0.54%, 4, 0, 2, 726.79
1663135255, 0, 0, 262, 262, 1, 0.55%, 9, 0, 2, 786.25
1663135260, 0, 0, 273, 273, 1, 0.56%, 10, 0, 2, 803.55
1663135265, 0, 0, 291, 291, 1, 0.56%, 11, 0, 2, 797.37
1663135270, 0, 0, 301, 301, 1, 0.56%, 12, 0, 2, 805.44
1663135276, 0, 0, 304, 304, 1, 0.56%, 13, 0, 2, 805.23
1663135281, 0, 0, 305, 305, 1, 0.56%, 14, 0, 2, 810.60
1663135286, 0, 0, 315, 315, 1, 0.57%, 14, 0, 2, 810.15
1663135291, 0, 3, 317, 316, 45, 0.57%, 15, 0, 2, 703.77
1663135306, 0, 3, 317, 316, 45, 0.57%, 16, 0, 2, 692.24
1663135311, 0, 4, 317, 315, 45, 0.57%, 16, 0, 2, 837.85
1663135316, 0, 5, 317, 314, 44, 0.57%, 16, 0, 2, 866.12
1663135326, 0, 5, 317, 314, 44, 0.57%, 17, 0, 2, 882.35
1663135331, 0, 28, 317, 313, 43, 0.57%, 17, 0, 2, 710.68
1663135337, 0, 28, 317, 313, 43, 0.57%, 18, 0, 2, 667.04
1663135347, 0, 28, 318, 314, 43, 0.57%, 18, 0, 3, 732.91
1663135352, 0, 28, 325, 321, 43, 0.57%, 19, 0, 3, 791.39
1663135357, 0, 28, 328, 324, 43, 0.59%, 19, 0, 3, 802.86
1663135362, 0, 28, 329, 325, 43, 0.59%, 20, 0, 3, 803.62
1663135367, 0, 28, 332, 328, 43, 0.59%, 22, 0, 3, 802.14
1663135372, 0, 28, 334, 330, 43, 0.59%, 22, 0, 3, 804.24
1663135377, 0, 62, 336, 331, 45, 0.59%, 23, 0, 3, 750.93
1663135387, 0, 62, 336, 331, 45, 0.59%, 24, 0, 3, 658.43
1663135398, 0, 69, 336, 330, 44, 0.59%, 24, 0, 3, 800.65
1663135413, 0, 85, 336, 329, 43, 0.59%, 25, 0, 3, 754.17
1663135433, 0, 85, 339, 332, 43, 0.59%, 25, 0, 3, 782.21
1663135438, 0, 85, 345, 338, 43, 0.60%, 25, 0, 3, 803.47
1663135454, 0, 85, 348, 341, 43, 0.60%, 25, 0, 3, 804.93
1663135459, 0, 85, 350, 343, 43, 0.60%, 25, 0, 3, 805.38
1663135464, 0, 125, 350, 339, 40, 0.60%, 26, 0, 3, 858.52
1663135479, 0, 125, 352, 341, 40, 0.60%, 26, 0, 3, 876.17
1663135484, 0, 127, 352, 340, 39, 0.60%, 26, 0, 3, 878.08
1663135489, 0, 131, 353, 340, 38, 0.60%, 26, 0, 3, 877.17
1663135494, 0, 139, 353, 339, 37, 0.60%, 26, 0, 3, 881.78
1663135499, 0, 145, 353, 337, 35, 0.60%, 26, 0, 3, 886.65
1663135504, 0, 153, 353, 336, 34, 0.60%, 26, 0, 3, 867.56
1663135509, 0, 154, 353, 335, 33, 0.60%, 26, 0, 3, 879.86
1663135515, 0, 156, 353, 334, 32, 0.60%, 26, 0, 3, 873.50
1663135525, 0, 156, 358, 339, 32, 0.60%, 28, 0, 3, 874.75
1663135535, 0, 156, 360, 341, 32, 0.60%, 28, 0, 3, 871.34
1663135540, 0, 156, 362, 343, 32, 0.61%, 29, 0, 3, 874.80
1663135545, 0, 156, 364, 345, 32, 0.61%, 29, 0, 3, 866.97
1663135550, 0, 156, 366, 347, 32, 0.61%, 29, 0, 3, 873.24
1663135555, 0, 156, 368, 349, 32, 0.61%, 29, 0, 3, 870.99
1663135560, 0, 158, 368, 348, 36, 0.61%, 29, 0, 3, 735.34
1663135571, 0, 158, 368, 348, 36, 0.61%, 30, 0, 3, 661.46
1663135586, 0, 158, 370, 350, 36, 0.62%, 30, 0, 3, 736.07
1663135591, 0, 171, 370, 349, 37, 0.62%, 30, 0, 3, 729.44
1663135611, 0, 171, 371, 350, 37, 0.62%, 30, 0, 3, 758.49
1663135616, 0, 188, 371, 348, 35, 0.62%, 30, 0, 3, 848.36
1663135627, 0, 219, 371, 346, 33, 0.62%, 30, 0, 3, 880.64
1663135637, 0, 223, 372, 346, 32, 0.62%, 30, 0, 3, 880.81
1663135642, 0, 234, 372, 345, 31, 0.62%, 30, 0, 3, 876.56
1663135652, 0, 234, 373, 346, 31, 0.62%, 30, 0, 3, 874.84
1663135667, 0, 240, 373, 345, 31, 0.62%, 30, 0, 3, 793.01
1663135677, 0, 240, 373, 345, 31, 0.62%, 31, 0, 3, 661.03
1663135688, 0, 240, 377, 349, 31, 0.62%, 31, 0, 3, 742.68
1663135693, 0, 240, 378, 350, 31, 0.62%, 32, 0, 3, 770.44
1663135703, 0, 240, 381, 353, 31, 0.62%, 33, 0, 3, 776.96
1663135708, 0, 240, 383, 355, 31, 0.63%, 33, 0, 3, 781.71
1663135713, 0, 240, 385, 357, 31, 0.63%, 33, 0, 3, 783.04
1663135728, 0, 250, 385, 356, 31, 0.63%, 33, 0, 3, 821.25
1663135733, 0, 255, 385, 355, 30, 0.63%, 34, 0, 3, 864.27
1663135738, 0, 260, 385, 354, 29, 0.63%, 34, 0, 3, 872.77
1663135748, 0, 264, 386, 354, 28, 0.63%, 34, 0, 3, 784.86
1663135758, 0, 264, 386, 354, 28, 0.63%, 35, 0, 3, 665.19
1663135769, 0, 270, 387, 354, 27, 0.63%, 35, 0, 3, 765.13
1663135779, 0, 274, 387, 353, 26, 0.63%, 35, 0, 3, 765.45
1663135789, 0, 274, 388, 354, 26, 0.63%, 35, 0, 3, 694.61
1663135794, 0, 281, 388, 353, 26, 0.63%, 36, 0, 3, 697.30
1663135809, 0, 284, 390, 354, 25, 0.63%, 36, 0, 3, 802.75
1663135814, 0, 285, 392, 355, 26, 0.63%, 36, 0, 3, 858.53
