# unix_time, cycles_done, cur_path, paths_total, pending_total, pending_favs, map_size, unique_crashes, unique_hangs, max_depth, execs_per_sec
1663129673, 0, 0, 1, 1, 1, 0.30%, 0, 0, 1, 210.53
1663129679, 0, 0, 75, 75, 1, 0.50%, 0, 0, 2, 576.04
1663129684, 0, 0, 87, 87, 1, 0.51%, 0, 0, 2, 655.76
1663129689, 0, 0, 96, 96, 1, 0.51%, 0, 0, 2, 675.34
1663129694, 0, 0, 171, 171, 1, 0.55%, 0, 0, 2, 730.53
1663129699, 0, 0, 250, 250, 1, 0.56%, 0, 0, 2, 784.03
1663129704, 0, 0, 275, 275, 1, 0.58%, 0, 0, 2, 810.42
1663129709, 0, 0, 295, 295, 1, 0.58%, 0, 0, 2, 823.56
1663129714, 0, 0, 300, 300, 1, 0.58%, 0, 0, 2, 821.24
1663129719, 0, 0, 308, 308, 1, 0.59%, 0, 0, 2, 816.55
1663129725, 0, 0, 313, 313, 1, 0.60%, 0, 0, 2, 815.04
1663129730, 0, 0, 315, 315, 1, 0.60%, 0, 0, 2, 825.24
1663129735, 0, 0, 321, 321, 1, 0.60%, 0, 0, 2, 823.75
1663129740, 0, 4, 321, 320, 46, 0.60%, 0, 0, 2, 868.01
1663129745, 0, 4, 323, 322, 46, 0.60%, 0, 0, 3, 893.34
1663129750, 0, 5, 323, 321, 45, 0.60%, 0, 0, 3, 901.93
1663129760, 0, 24, 323, 320, 44, 0.60%, 0, 0, 3, 727.08
1663129775, 0, 24, 326, 323, 44, 0.60%, 0, 0, 3, 725.96
1663129780, 0, 24, 330, 327, 44, 0.60%, 0, 0, 3, 782.11
1663129786, 0, 24, 333, 330, 44, 0.60%, 0, 0, 3, 803.03
1663129791, 0, 24, 337, 334, 44, 0.60%, 0, 0, 3, 807.35
1663129796, 0, 24, 340, 337, 44, 0.60%, 0, 0, 3, 812.21
1663129801, 0, 24, 344, 341, 44, 0.60%, 0, 0, 3, 803.61
1663129806, 0, 29, 347, 343, 42, 0.60%, 0, 0, 3, 760.35
1663129826, 0, 29, 352, 348, 42, 0.60%, 0, 0, 3, 780.75
1663129831, 0, 29, 356, 352, 42, 0.61%, 0, 0, 3, 808.05
1663129836, 0, 29, 357, 353, 42, 0.61%, 0, 0, 3, 816.30
1663129846, 0, 29, 359, 355, 42, 0.61%, 0, 0, 3, 817.63
1663129852, 0, 29, 360, 356, 42, 0.61%, 0, 0, 3, 819.55
1663129857, 0, 39, 360, 355, 43, 0.61%, 0, 0, 3, 715.03
1663129862, 0, 39, 361, 356, 43, 0.63%, 0, 0, 3, 679.55
1663129872, 0, 39, 362, 357, 43, 0.63%, 0, 0, 3, 735.42
1663129877, 0, 39, 364, 359, 43, 0.63%, 0, 0, 3, 806.87
1663129882, 0, 39, 366, 361, 43, 0.63%, 0, 0, 3, 818.00
1663129887, 0, 39, 370, 365, 43, 0.63%, 0, 0, 3, 820.17
1663129892, 0, 39, 373, 368, 43, 0.63%, 0, 0, 3, 822.03
1663129897, 0, 39, 374, 369, 43, 0.63%, 0, 0, 3, 815.17
1663129902, 0, 48, 375, 369, 42, 0.63%, 0, 0, 3, 754.67
1663129923, 0, 48, 378, 372, 42, 0.63%, 0, 0, 3, 782.92
1663129933, 0, 66, 378, 371, 41, 0.63%, 0, 0, 3, 869.13
1663129943, 0, 66, 379, 372, 41, 0.63%, 0, 0, 3, 887.07
1663129948, 0, 66, 380, 373, 41, 0.64%, 0, 0, 3, 883.95
1663129953, 0, 73, 380, 372, 41, 0.64%, 0, 0, 3, 738.13
1663129968, 0, 73, 381, 373, 41, 0.64%, 0, 0, 3, 727.45
1663129973, 0, 85, 381, 372, 41, 0.64%, 0, 0, 3, 698.81
1663129994, 0, 86, 382, 372, 40, 0.64%, 0, 0, 3, 719.67
1663130014, 0, 102, 382, 371, 39, 0.64%, 0, 0, 3, 837.66
1663130019, 0, 137, 382, 368, 37, 0.64%, 0, 0, 3, 877.86
1663130030, 0, 137, 383, 369, 37, 0.64%, 0, 0, 3, 891.06
1663130035, 0, 144, 383, 368, 36, 0.64%, 0, 0, 3, 892.24
1663130055, 0, 158, 383, 367, 35, 0.64%, 0, 0, 3, 895.67
1663130071, 0, 165, 383, 366, 34, 0.64%, 0, 0, 3, 891.90
1663130076, 0, 193, 383, 365, 33, 0.64%, 0, 0, 3, 894.10
1663130086, 0, 193, 384, 366, 33, 0.64%, 0, 0, 3, 890.92
1663130091, 0, 206, 384, 365, 33, 0.64%, 0, 0, 3, 889.24
1663130101, 0, 212, 385, 365, 32, 0.64%, 0, 0, 3, 789.43
1663130111, 0, 214, 385, 364, 31, 0.64%, 0, 0, 3, 798.90
1663130116, 0, 216, 386, 363, 30, 0.64%, 0, 0, 3, 872.31
1663130122, 0, 216, 387, 364, 30, 0.64%, 0, 0, 3, 891.31
1663130127, 0, 216, 393, 370, 30, 0.64%, 0, 0, 3, 886.55
1663130132, 0, 216, 396, 373, 30, 0.64%, 0, 0, 3, 893.51
1663130137, 0, 216, 399, 376, 30, 0.64%, 0, 0, 3, 883.99
1663130147, 0, 216, 401, 378, 30, 0.64%, 0, 0, 3, 886.03
1663130157, 0, 216, 403, 380, 30, 0.64%, 0, 0, 3, 886.99
1663130162, 0, 238, 403, 379, 29, 0.64%, 0, 0, 3, 888.84
1663130172, 0, 241, 403, 378, 28, 0.64%, 0, 0, 3, 889.20
1663130177, 0, 241, 404, 379, 28, 0.64%, 0, 0, 3, 890.83
1663130183, 0, 242, 404, 378, 27, 0.64%, 0, 0, 3, 725.41
1663130198, 0, 253, 404, 377, 26, 0.64%, 0, 0, 3, 862.00
1663130203, 0, 260, 404, 376, 25, 0.64%, 0, 0, 3, 892.95
1663130219, 0, 260, 408, 380, 25, 0.64%, 0, 0, 3, 887.95
1663130229, 0, 279, 408, 378, 24, 0.64%, 0, 0, 3, 895.07
1663130234, 0, 293, 408, 377, 23, 0.64%, 0, 0, 3, 894.24
1663130254, 0, 294, 409, 377, 22, 0.64%, 0, 0, 3, 887.46
1663130265, 0, 305, 411, 378, 21, 0.64%, 0, 0, 3, 758.08
