# unix_time, cycles_done, cur_path, paths_total, pending_total, pending_favs, map_size, unique_crashes, unique_hangs, max_depth, execs_per_sec
1662369280, 0, 0, 1, 1, 1, 0.30%, 0, 0, 1, 190.48
1662369285, 0, 0, 75, 75, 1, 0.49%, 0, 0, 2, 566.74
1662369290, 0, 0, 85, 85, 1, 0.49%, 0, 0, 2, 641.57
1662369295, 0, 0, 96, 96, 1, 0.51%, 0, 0, 2, 664.66
1662369300, 0, 0, 154, 154, 1, 0.52%, 0, 0, 2, 703.58
1662369305, 0, 0, 239, 239, 1, 0.56%, 0, 0, 2, 709.40
1662369310, 0, 0, 271, 271, 1, 0.56%, 0, 0, 2, 784.30
1662369315, 0, 0, 290, 290, 1, 0.57%, 0, 0, 2, 800.42
1662369320, 0, 0, 302, 302, 1, 0.57%, 0, 0, 2, 813.44
1662369325, 0, 0, 310, 310, 1, 0.58%, 0, 0, 2, 810.15
1662369330, 0, 0, 320, 320, 1, 0.58%, 0, 0, 2, 811.77
1662369335, 0, 0, 324, 324, 1, 0.58%, 0, 0, 2, 812.71
1662369341, 0, 0, 332, 332, 1, 0.60%, 0, 0, 2, 810.02
1662369346, 0, 4, 334, 333, 47, 0.60%, 0, 0, 2, 847.98
1662369356, 0, 4, 339, 338, 47, 0.60%, 0, 0, 3, 876.16
1662369371, 0, 24, 340, 338, 46, 0.60%, 0, 0, 3, 801.93
1662369381, 0, 24, 341, 339, 46, 0.60%, 0, 0, 3, 668.94
1662369391, 0, 24, 344, 342, 46, 0.60%, 0, 0, 3, 753.88
1662369396, 0, 24, 349, 347, 46, 0.60%, 0, 0, 3, 792.83
1662369402, 0, 24, 351, 349, 46, 0.60%, 0, 0, 3, 799.14
1662369407, 0, 24, 352, 350, 46, 0.60%, 0, 0, 3, 799.91
1662369412, 0, 24, 356, 354, 46, 0.61%, 0, 0, 3, 804.89
1662369417, 0, 24, 357, 355, 46, 0.62%, 0, 0, 3, 799.74
1662369422, 0, 48, 357, 354, 45, 0.62%, 0, 0, 3, 714.41
1662369442, 0, 66, 357, 353, 44, 0.62%, 0, 0, 3, 837.27
1662369458, 0, 66, 363, 359, 44, 0.62%, 0, 0, 3, 875.49
1662369463, 0, 66, 367, 363, 44, 0.63%, 0, 0, 3, 874.40
1662369468, 0, 66, 368, 364, 44, 0.63%, 0, 0, 3, 874.85
1662369473, 0, 66, 372, 368, 44, 0.63%, 0, 0, 3, 872.91
1662369478, 0, 66, 376, 372, 44, 0.63%, 0, 0, 3, 871.28
1662369483, 0, 76, 376, 371, 46, 0.63%, 0, 0, 3, 760.49
1662369503, 0, 85, 377, 371, 46, 0.63%, 0, 0, 3, 736.97
1662369524, 0, 86, 377, 370, 45, 0.63%, 0, 0, 3, 712.22
1662369544, 0, 107, 378, 370, 44, 0.63%, 0, 0, 3, 782.91
1662369554, 0, 115, 378, 368, 42, 0.63%, 0, 0, 3, 884.06
1662369559, 0, 118, 378, 367, 41, 0.63%, 0, 0, 3, 887.03
1662369564, 0, 134, 378, 366, 40, 0.63%, 0, 0, 3, 886.87
1662369569, 0, 156, 378, 363, 38, 0.63%, 0, 0, 3, 882.70
1662369574, 0, 191, 379, 361, 35, 0.63%, 0, 0, 3, 883.11
