# unix_time, cycles_done, cur_path, paths_total, pending_total, pending_favs, map_size, unique_crashes, unique_hangs, max_depth, execs_per_sec
1662919120, 0, 0, 1, 1, 1, 0.27%, 0, 0, 1, 173.91
1662919125, 0, 0, 62, 62, 1, 0.40%, 0, 0, 2, 568.91
1662919131, 0, 0, 70, 70, 1, 0.42%, 0, 0, 2, 651.09
1662919136, 0, 0, 78, 78, 1, 0.42%, 0, 0, 2, 664.35
1662919141, 0, 0, 147, 147, 1, 0.43%, 0, 0, 2, 718.05
1662919146, 0, 0, 217, 217, 1, 0.44%, 1, 0, 2, 791.05
1662919151, 0, 0, 238, 238, 1, 0.44%, 1, 0, 2, 807.69
1662919156, 0, 0, 253, 253, 1, 0.44%, 2, 0, 2, 806.32
1662919161, 0, 0, 262, 262, 1, 0.44%, 3, 0, 2, 805.08
1662919166, 0, 0, 270, 270, 1, 0.45%, 3, 0, 2, 798.20
1662919171, 0, 0, 275, 275, 1, 0.45%, 4, 0, 2, 801.59
