# unix_time, cycles_done, cur_path, paths_total, pending_total, pending_favs, map_size, unique_crashes, unique_hangs, max_depth, execs_per_sec
1662897849, 0, 0, 1, 1, 1, 0.30%, 0, 0, 1, 195.12
1662897854, 0, 0, 75, 75, 1, 0.49%, 0, 0, 2, 571.96
1662897859, 0, 0, 85, 85, 1, 0.49%, 0, 0, 2, 643.77
1662897864, 0, 0, 95, 95, 1, 0.51%, 0, 0, 2, 664.77
1662897869, 0, 0, 105, 105, 1, 0.51%, 0, 0, 2, 670.61
1662897874, 0, 0, 232, 232, 1, 0.57%, 0, 0, 2, 735.79
1662897879, 0, 0, 269, 269, 1, 0.58%, 0, 0, 2, 788.33
1662897884, 0, 0, 293, 293, 1, 0.59%, 0, 0, 2, 799.20
1662897889, 0, 0, 306, 306, 1, 0.59%, 0, 0, 2, 804.68
1662897895, 0, 0, 316, 316, 1, 0.60%, 0, 0, 2, 802.73
1662897900, 0, 0, 324, 324, 1, 0.60%, 0, 0, 2, 803.62
1662897905, 0, 0, 331, 331, 1, 0.60%, 0, 0, 2, 805.78
1662897910, 0, 0, 338, 338, 1, 0.60%, 0, 0, 2, 808.62
1662897915, 0, 5, 343, 342, 48, 0.60%, 0, 0, 2, 831.90
1662897925, 0, 23, 343, 341, 47, 0.60%, 0, 0, 2, 863.31
1662897945, 0, 23, 345, 343, 47, 0.60%, 0, 0, 3, 728.41
1662897950, 0, 23, 352, 350, 47, 0.61%, 0, 0, 3, 794.78
1662897956, 0, 23, 355, 353, 47, 0.61%, 0, 0, 3, 804.27
1662897961, 0, 23, 356, 354, 47, 0.61%, 0, 0, 3, 809.58
1662897966, 0, 23, 361, 359, 47, 0.61%, 0, 0, 3, 804.74
1662897976, 0, 24, 361, 358, 50, 0.61%, 0, 0, 3, 753.56
1662897996, 0, 29, 361, 357, 49, 0.61%, 0, 0, 3, 717.40
1662898017, 0, 29, 362, 358, 49, 0.61%, 0, 0, 3, 736.11
1662898022, 0, 39, 362, 357, 48, 0.61%, 0, 0, 3, 703.56
1662898027, 0, 39, 363, 358, 48, 0.61%, 0, 0, 3, 672.42
1662898042, 0, 39, 365, 360, 48, 0.61%, 0, 0, 3, 774.75
1662898048, 0, 39, 366, 361, 48, 0.61%, 0, 0, 3, 803.76
1662898053, 0, 39, 369, 364, 48, 0.61%, 0, 0, 3, 810.36
1662898058, 0, 39, 372, 367, 48, 0.61%, 0, 0, 3, 809.12
1662898063, 0, 39, 374, 369, 48, 0.61%, 0, 0, 3, 809.24
1662898068, 0, 39, 377, 372, 48, 0.62%, 0, 0, 3, 810.31
1662898073, 0, 66, 377, 371, 48, 0.62%, 0, 0, 3, 859.13
1662898088, 0, 76, 377, 370, 47, 0.62%, 0, 0, 3, 731.67
1662898109, 0, 100, 378, 370, 47, 0.62%, 0, 0, 3, 810.34
1662898114, 0, 124, 378, 368, 45, 0.62%, 0, 0, 3, 866.77
1662898119, 0, 138, 378, 366, 43, 0.62%, 0, 0, 3, 879.83
1662898129, 0, 169, 379, 364, 40, 0.62%, 0, 0, 3, 877.29
1662898139, 0, 169, 381, 366, 40, 0.62%, 0, 0, 3, 871.14
1662898144, 0, 175, 381, 365, 40, 0.62%, 0, 0, 3, 873.93
