# unix_time, cycles_done, cur_path, paths_total, pending_total, pending_favs, map_size, unique_crashes, unique_hangs, max_depth, execs_per_sec
1662917435, 0, 0, 1, 1, 1, 0.30%, 0, 0, 1, 186.05
1662917440, 0, 0, 75, 75, 1, 0.49%, 0, 0, 2, 567.84
1662917445, 0, 0, 86, 86, 1, 0.50%, 0, 0, 2, 643.52
1662917450, 0, 0, 96, 96, 1, 0.51%, 0, 0, 2, 656.97
1662917455, 0, 0, 159, 159, 1, 0.52%, 0, 0, 2, 711.67
1662917460, 0, 0, 237, 237, 1, 0.55%, 0, 0, 2, 729.58
1662917465, 0, 0, 269, 269, 1, 0.57%, 0, 0, 2, 788.97
1662917470, 0, 0, 283, 283, 1, 0.58%, 0, 0, 2, 799.93
1662917475, 0, 0, 295, 295, 1, 0.59%, 0, 0, 2, 809.01
1662917481, 0, 0, 307, 307, 1, 0.60%, 0, 0, 2, 798.67
1662917486, 0, 0, 315, 315, 1, 0.60%, 0, 0, 2, 802.35
