# unix_time, cycles_done, cur_path, paths_total, pending_total, pending_favs, map_size, unique_crashes, unique_hangs, max_depth, execs_per_sec
1662918770, 0, 0, 1, 1, 1, 0.28%, 0, 0, 1, 190.48
1662918775, 0, 0, 62, 62, 1, 0.41%, 0, 0, 2, 571.47
1662918780, 0, 0, 70, 70, 1, 0.42%, 0, 0, 2, 650.72
1662918786, 0, 0, 78, 78, 1, 0.42%, 0, 0, 2, 658.30
1662918791, 0, 0, 149, 149, 1, 0.44%, 0, 0, 2, 719.11
1662918796, 0, 0, 225, 225, 1, 0.45%, 1, 0, 2, 756.71
1662918801, 0, 0, 247, 247, 1, 0.45%, 2, 0, 2, 799.51
1662918806, 0, 0, 260, 260, 1, 0.45%, 3, 0, 2, 808.28
1662918811, 0, 0, 271, 271, 1, 0.46%, 3, 0, 2, 807.96
1662918816, 0, 0, 275, 275, 1, 0.46%, 4, 0, 2, 815.39
1662918821, 0, 0, 280, 280, 1, 0.46%, 4, 0, 2, 804.21
