# unix_time, cycles_done, cur_path, paths_total, pending_total, pending_favs, map_size, unique_crashes, unique_hangs, max_depth, execs_per_sec
1663132769, 0, 0, 1, 1, 1, 0.30%, 0, 0, 1, 181.82
1663132774, 0, 0, 75, 75, 1, 0.49%, 0, 0, 2, 567.73
1663132779, 0, 0, 86, 86, 1, 0.50%, 1, 0, 2, 641.55
1663132784, 0, 0, 95, 95, 1, 0.50%, 1, 0, 2, 660.48
1663132789, 0, 0, 149, 149, 1, 0.50%, 2, 0, 2, 702.54
1663132795, 0, 0, 241, 241, 1, 0.56%, 5, 0, 2, 715.77
1663132800, 0, 0, 276, 276, 1, 0.58%, 9, 0, 2, 786.10
1663132805, 0, 0, 294, 294, 1, 0.58%, 9, 0, 2, 791.52
1663132810, 0, 0, 301, 301, 1, 0.58%, 12, 0, 2, 801.75
1663132815, 0, 0, 303, 303, 1, 0.58%, 13, 0, 2, 796.40
1663132820, 0, 0, 307, 307, 1, 0.58%, 13, 0, 2, 800.18
1663132825, 0, 0, 313, 313, 1, 0.58%, 13, 0, 2, 799.21
1663132831, 0, 0, 316, 316, 1, 0.58%, 17, 0, 2, 797.38
1663132836, 0, 4, 317, 316, 43, 0.58%, 17, 0, 2, 833.02
1663132846, 0, 5, 317, 315, 42, 0.58%, 17, 0, 2, 893.29
1663132856, 0, 28, 317, 314, 41, 0.58%, 17, 0, 2, 730.61
1663132861, 0, 28, 317, 314, 41, 0.58%, 18, 0, 2, 686.98
1663132871, 0, 28, 318, 315, 41, 0.58%, 19, 0, 3, 744.00
1663132876, 0, 28, 324, 321, 41, 0.58%, 21, 0, 3, 810.73
1663132881, 0, 28, 327, 324, 41, 0.58%, 22, 0, 3, 826.85
1663132886, 0, 28, 328, 325, 41, 0.58%, 22, 0, 3, 823.90
1663132892, 0, 28, 332, 329, 41, 0.60%, 22, 0, 3, 826.34
1663132897, 0, 28, 334, 331, 41, 0.60%, 23, 0, 3, 826.72
1663132902, 0, 47, 335, 331, 42, 0.60%, 23, 0, 3, 756.39
1663132912, 0, 47, 335, 331, 42, 0.60%, 24, 0, 3, 689.81
1663132922, 0, 47, 338, 334, 42, 0.60%, 24, 0, 3, 794.35
1663132927, 0, 47, 339, 335, 42, 0.60%, 25, 0, 3, 815.69
1663132932, 0, 47, 341, 337, 42, 0.60%, 25, 0, 3, 821.51
1663132937, 0, 47, 343, 339, 42, 0.60%, 26, 0, 3, 818.00
1663132942, 0, 47, 345, 341, 42, 0.60%, 27, 0, 3, 820.34
1663132947, 0, 47, 347, 343, 42, 0.60%, 27, 0, 3, 822.17
1663132953, 0, 47, 348, 344, 42, 0.60%, 28, 0, 3, 827.19
1663132958, 0, 65, 350, 345, 43, 0.60%, 28, 0, 3, 826.42
1663132973, 0, 65, 353, 348, 43, 0.61%, 28, 0, 3, 899.94
1663132978, 0, 66, 353, 347, 44, 0.61%, 29, 0, 3, 900.40
1663132983, 0, 66, 354, 348, 44, 0.61%, 29, 0, 3, 894.39
1663132989, 0, 66, 354, 348, 44, 0.61%, 30, 0, 3, 895.96
1663132994, 0, 76, 354, 347, 43, 0.61%, 30, 0, 3, 859.37
1663133004, 0, 76, 354, 347, 43, 0.61%, 31, 0, 3, 679.87
1663133014, 0, 76, 356, 349, 43, 0.61%, 31, 0, 3, 771.91
1663133019, 0, 76, 360, 353, 43, 0.61%, 31, 0, 3, 815.62
1663133024, 0, 76, 363, 356, 43, 0.61%, 31, 0, 3, 827.58
1663133029, 0, 76, 363, 356, 43, 0.61%, 32, 0, 3, 823.65
1663133034, 0, 76, 363, 356, 43, 0.61%, 33, 0, 3, 814.37
1663133044, 0, 85, 364, 356, 43, 0.61%, 33, 0, 3, 717.61
1663133064, 0, 129, 364, 352, 39, 0.61%, 34, 0, 3, 778.56
1663133085, 0, 160, 365, 352, 39, 0.61%, 34, 0, 3, 726.01
1663133095, 0, 173, 365, 351, 38, 0.61%, 34, 0, 3, 778.22
1663133105, 0, 189, 365, 348, 35, 0.61%, 34, 0, 3, 901.21
1663133115, 0, 189, 365, 348, 35, 0.61%, 35, 0, 3, 898.85
1663133120, 0, 197, 365, 347, 34, 0.61%, 35, 0, 3, 902.49
1663133126, 0, 197, 366, 348, 34, 0.61%, 35, 0, 3, 902.91
1663133131, 0, 203, 366, 346, 32, 0.61%, 35, 0, 3, 904.85
1663133136, 0, 203, 367, 347, 32, 0.61%, 35, 0, 3, 909.01
1663133141, 0, 205, 367, 346, 31, 0.61%, 35, 0, 3, 902.22
1663133146, 0, 206, 367, 345, 30, 0.61%, 35, 0, 3, 854.63
1663133156, 0, 206, 367, 345, 30, 0.61%, 36, 0, 3, 683.26
1663133167, 0, 206, 369, 347, 30, 0.61%, 36, 0, 3, 762.07
1663133172, 0, 210, 369, 346, 29, 0.61%, 38, 0, 3, 708.30
1663133187, 0, 210, 370, 347, 29, 0.61%, 38, 0, 3, 702.44
1663133192, 0, 219, 370, 346, 28, 0.61%, 38, 0, 3, 710.40
1663133207, 0, 219, 373, 349, 28, 0.61%, 38, 0, 3, 729.90
1663133212, 0, 219, 374, 350, 28, 0.61%, 38, 0, 3, 812.03
1663133217, 0, 219, 375, 351, 28, 0.61%, 39, 0, 3, 833.76
1663133222, 0, 219, 376, 352, 28, 0.61%, 40, 0, 3, 835.05
1663133227, 0, 219, 378, 354, 28, 0.61%, 40, 0, 3, 837.35
1663133247, 0, 224, 378, 353, 28, 0.61%, 40, 0, 3, 857.75
1663133252, 0, 225, 379, 353, 27, 0.61%, 40, 0, 3, 895.27
1663133257, 0, 234, 380, 353, 27, 0.61%, 40, 0, 3, 736.25
1663133278, 0, 234, 381, 354, 27, 0.61%, 40, 0, 3, 737.41
1663133283, 0, 259, 381, 352, 25, 0.61%, 40, 0, 3, 856.96
1663133293, 0, 262, 381, 351, 24, 0.61%, 40, 0, 3, 803.63
1663133308, 0, 262, 381, 351, 24, 0.61%, 41, 0, 3, 666.89
1663133324, 0, 284, 382, 351, 24, 0.62%, 41, 0, 3, 756.44
1663133339, 0, 291, 382, 350, 23, 0.62%, 41, 0, 3, 877.74
1663133354, 0, 303, 383, 350, 22, 0.62%, 41, 0, 3, 879.19
1663133359, 0, 303, 385, 352, 22, 0.62%, 41, 0, 3, 880.76
1663133364, 0, 303, 389, 356, 22, 0.62%, 41, 0, 3, 867.85
