# unix_time, cycles_done, cur_path, paths_total, pending_total, pending_favs, map_size, unique_crashes, unique_hangs, max_depth, execs_per_sec
1663138252, 0, 0, 1, 1, 1, 0.28%, 0, 0, 1, 210.53
1663138257, 0, 0, 61, 61, 1, 0.41%, 0, 0, 2, 571.42
1663138263, 0, 0, 69, 69, 1, 0.42%, 0, 0, 2, 642.17
1663138268, 0, 0, 77, 77, 1, 0.42%, 0, 0, 2, 658.88
1663138273, 0, 0, 143, 143, 1, 0.43%, 0, 0, 2, 716.89
1663138278, 0, 0, 214, 214, 1, 0.45%, 0, 0, 2, 747.10
1663138283, 0, 0, 244, 244, 1, 0.46%, 1, 0, 2, 794.56
1663138288, 0, 0, 259, 259, 1, 0.49%, 2, 0, 2, 796.25
1663138293, 0, 0, 271, 271, 1, 0.49%, 4, 0, 2, 806.11
1663138298, 0, 0, 283, 283, 1, 0.49%, 4, 0, 2, 802.49
1663138303, 0, 0, 288, 288, 1, 0.49%, 4, 0, 2, 806.41
1663138308, 0, 0, 292, 292, 1, 0.49%, 4, 0, 2, 802.52
1663138313, 0, 0, 296, 296, 1, 0.49%, 4, 0, 2, 804.46
1663138318, 0, 21, 297, 296, 32, 0.49%, 4, 0, 2, 698.16
1663138339, 0, 21, 303, 302, 32, 0.49%, 4, 0, 3, 770.79
1663138344, 0, 21, 305, 304, 32, 0.49%, 5, 0, 3, 787.48
1663138349, 0, 21, 305, 304, 32, 0.49%, 7, 0, 3, 797.66
1663138354, 0, 21, 311, 310, 32, 0.49%, 7, 0, 3, 796.25
1663138359, 0, 21, 314, 313, 32, 0.49%, 7, 0, 3, 798.55
1663138364, 0, 54, 320, 318, 32, 0.50%, 7, 0, 3, 794.05
1663138380, 0, 54, 322, 320, 32, 0.50%, 7, 0, 3, 868.09
1663138385, 0, 54, 325, 323, 32, 0.50%, 7, 0, 3, 860.51
1663138390, 0, 54, 329, 327, 32, 0.50%, 7, 0, 3, 860.10
1663138395, 0, 54, 330, 328, 32, 0.50%, 8, 0, 3, 866.09
1663138405, 0, 54, 331, 329, 32, 0.50%, 8, 0, 3, 870.55
1663138410, 0, 68, 331, 328, 34, 0.50%, 9, 0, 3, 731.57
1663138431, 0, 92, 331, 326, 32, 0.50%, 9, 0, 3, 820.92
1663138446, 0, 105, 331, 325, 31, 0.50%, 9, 0, 3, 876.55
1663138451, 0, 129, 331, 323, 29, 0.50%, 9, 0, 3, 879.53
1663138456, 0, 156, 331, 321, 27, 0.50%, 9, 0, 3, 880.14
1663138461, 0, 156, 331, 321, 27, 0.50%, 10, 0, 3, 877.98
1663138471, 0, 156, 333, 323, 27, 0.50%, 10, 0, 3, 871.16
1663138477, 0, 168, 333, 322, 27, 0.50%, 10, 0, 3, 772.71
1663138487, 0, 168, 334, 323, 27, 0.50%, 10, 0, 3, 753.26
1663138492, 0, 176, 334, 322, 26, 0.50%, 10, 0, 3, 843.57
1663138502, 0, 180, 335, 322, 25, 0.50%, 10, 0, 3, 761.79
1663138522, 0, 184, 335, 321, 24, 0.50%, 10, 0, 3, 679.75
1663138533, 0, 184, 336, 322, 24, 0.50%, 10, 0, 3, 662.77
1663138548, 0, 184, 339, 325, 24, 0.50%, 11, 0, 3, 723.66
1663138558, 0, 184, 339, 325, 24, 0.50%, 12, 0, 3, 778.50
1663138563, 0, 184, 340, 326, 24, 0.50%, 12, 0, 3, 786.79
1663138568, 0, 184, 340, 326, 24, 0.50%, 13, 0, 3, 788.44
1663138573, 0, 184, 341, 327, 24, 0.50%, 13, 0, 3, 790.33
1663138579, 0, 189, 341, 326, 24, 0.50%, 14, 0, 3, 814.83
1663138589, 0, 189, 343, 328, 24, 0.50%, 14, 0, 3, 869.97
1663138594, 0, 189, 344, 329, 24, 0.50%, 14, 0, 3, 871.53
1663138599, 0, 213, 344, 328, 23, 0.50%, 14, 0, 3, 873.05
1663138604, 0, 226, 344, 327, 22, 0.50%, 14, 0, 3, 867.55
1663138614, 0, 231, 344, 326, 21, 0.50%, 14, 0, 3, 868.53
1663138619, 0, 242, 344, 325, 20, 0.50%, 14, 0, 3, 876.98
1663138624, 0, 246, 349, 329, 19, 0.51%, 14, 0, 3, 874.45
1663138645, 0, 246, 375, 355, 19, 0.51%, 14, 0, 3, 871.99
1663138650, 0, 246, 377, 357, 19, 0.51%, 14, 0, 3, 871.71
1663138655, 0, 246, 378, 358, 19, 0.51%, 15, 0, 3, 862.35
1663138665, 0, 246, 380, 360, 19, 0.51%, 15, 0, 3, 873.07
1663138680, 0, 251, 381, 360, 23, 0.51%, 15, 0, 3, 864.20
1663138690, 0, 255, 381, 358, 21, 0.51%, 15, 0, 3, 875.67
1663138701, 0, 265, 381, 357, 20, 0.51%, 15, 0, 3, 874.09
1663138711, 0, 266, 381, 356, 19, 0.51%, 15, 0, 3, 868.92
1663138716, 0, 266, 382, 357, 19, 0.51%, 15, 0, 3, 874.55
1663138726, 0, 268, 383, 357, 19, 0.51%, 15, 0, 3, 868.21
1663138731, 0, 268, 384, 358, 19, 0.51%, 15, 0, 3, 878.03
1663138741, 0, 270, 384, 357, 18, 0.51%, 15, 0, 3, 875.94
1663138766, 0, 271, 384, 356, 18, 0.51%, 15, 0, 3, 877.55
1663138782, 0, 275, 384, 355, 17, 0.51%, 15, 0, 3, 708.01
1663138792, 0, 275, 384, 355, 17, 0.51%, 16, 0, 3, 657.37
1663138802, 0, 276, 384, 354, 16, 0.51%, 16, 0, 3, 757.33
1663138807, 0, 276, 385, 355, 16, 0.51%, 16, 0, 3, 844.17
1663138822, 0, 277, 385, 354, 16, 0.51%, 16, 0, 3, 873.86
1663138827, 0, 277, 386, 355, 16, 0.51%, 16, 0, 3, 867.81
1663138832, 0, 277, 387, 356, 16, 0.51%, 16, 0, 3, 874.92
1663138837, 0, 280, 387, 355, 15, 0.51%, 16, 0, 3, 872.19
1663138848, 0, 290, 388, 354, 13, 0.51%, 16, 0, 3, 871.32
