# unix_time, cycles_done, cur_path, paths_total, pending_total, pending_favs, map_size, unique_crashes, unique_hangs, max_depth, execs_per_sec
1663142522, 0, 0, 1, 1, 1, 0.27%, 0, 0, 1, 205.13
1663142527, 0, 0, 61, 61, 1, 0.40%, 0, 0, 2, 535.85
1663142532, 0, 0, 69, 69, 1, 0.40%, 0, 0, 2, 603.84
1663142537, 0, 0, 77, 77, 1, 0.42%, 0, 0, 2, 621.51
1663142542, 0, 0, 79, 79, 1, 0.42%, 0, 0, 2, 597.74
1663142547, 0, 0, 200, 200, 1, 0.44%, 0, 0, 2, 658.18
1663142552, 0, 0, 241, 241, 1, 0.44%, 1, 0, 2, 730.61
1663142558, 0, 0, 258, 258, 1, 0.45%, 2, 0, 2, 776.99
1663142563, 0, 0, 266, 266, 1, 0.45%, 2, 0, 2, 794.20
1663142568, 0, 0, 274, 274, 1, 0.45%, 4, 0, 2, 799.91
1663142573, 0, 0, 280, 280, 1, 0.45%, 5, 0, 2, 804.49
1663142578, 0, 0, 289, 289, 1, 0.47%, 6, 0, 2, 792.25
1663142583, 0, 0, 291, 291, 1, 0.47%, 9, 0, 2, 797.08
1663142589, 0, 16, 293, 292, 26, 0.47%, 9, 0, 2, 805.48
1663142604, 0, 16, 295, 294, 26, 0.47%, 9, 0, 3, 857.37
1663142609, 0, 16, 299, 298, 26, 0.47%, 9, 0, 3, 854.67
1663142614, 0, 16, 299, 298, 26, 0.47%, 10, 0, 3, 851.90
1663142619, 0, 16, 301, 300, 26, 0.47%, 10, 0, 3, 850.83
1663142624, 0, 16, 304, 303, 26, 0.47%, 10, 0, 3, 853.29
1663142629, 0, 16, 308, 307, 26, 0.47%, 10, 0, 3, 853.82
1663142634, 0, 16, 310, 309, 26, 0.47%, 10, 0, 3, 856.33
1663142640, 0, 22, 310, 308, 26, 0.47%, 11, 0, 3, 836.03
1663142660, 0, 46, 310, 307, 25, 0.47%, 11, 0, 3, 728.18
1663142675, 0, 55, 310, 306, 25, 0.47%, 11, 0, 3, 860.78
1663142691, 0, 55, 314, 310, 25, 0.47%, 11, 0, 3, 864.74
1663142696, 0, 55, 315, 311, 25, 0.47%, 11, 0, 3, 862.15
1663142701, 0, 55, 316, 312, 25, 0.47%, 11, 0, 3, 858.65
1663142706, 0, 55, 318, 314, 25, 0.47%, 12, 0, 3, 861.93
1663142711, 0, 55, 321, 317, 25, 0.47%, 13, 0, 3, 862.91
1663142716, 0, 55, 322, 318, 25, 0.47%, 13, 0, 3, 860.68
1663142721, 0, 100, 322, 316, 24, 0.47%, 13, 0, 3, 862.93
1663142732, 0, 122, 322, 314, 22, 0.47%, 13, 0, 3, 869.07
1663142737, 0, 150, 322, 313, 21, 0.47%, 13, 0, 3, 872.66
1663142747, 0, 158, 322, 312, 20, 0.47%, 13, 0, 3, 863.66
1663142762, 0, 160, 322, 311, 20, 0.47%, 13, 0, 3, 867.83
1663142767, 0, 177, 322, 309, 18, 0.47%, 13, 0, 3, 864.87
1663142777, 0, 189, 324, 310, 17, 0.48%, 13, 0, 3, 767.13
1663142793, 0, 189, 324, 310, 17, 0.48%, 14, 0, 3, 654.61
1663142803, 0, 218, 325, 310, 18, 0.48%, 14, 0, 3, 796.95
1663142808, 0, 218, 326, 311, 18, 0.48%, 14, 0, 3, 851.93
1663142813, 0, 221, 327, 311, 20, 0.48%, 14, 0, 3, 867.61
1663142828, 0, 226, 327, 310, 19, 0.48%, 14, 0, 3, 867.40
1663142833, 0, 238, 327, 309, 18, 0.48%, 14, 0, 3, 866.01
1663142838, 0, 238, 327, 309, 18, 0.48%, 15, 0, 3, 869.24
1663142844, 0, 243, 327, 308, 17, 0.48%, 15, 0, 3, 866.31
1663142849, 0, 243, 328, 309, 17, 0.48%, 15, 0, 3, 724.04
1663142859, 0, 243, 330, 311, 17, 0.48%, 15, 0, 3, 786.11
1663142864, 0, 256, 330, 310, 17, 0.48%, 17, 0, 3, 824.01
1663142879, 0, 256, 332, 312, 17, 0.48%, 17, 0, 3, 870.59
1663142884, 0, 256, 334, 314, 17, 0.48%, 17, 0, 3, 864.99
1663142900, 0, 263, 334, 313, 16, 0.48%, 17, 0, 3, 745.45
1663142920, 0, 263, 338, 317, 16, 0.49%, 17, 0, 3, 718.74
1663142925, 0, 263, 339, 318, 16, 0.49%, 18, 0, 3, 756.37
1663142936, 0, 263, 341, 320, 16, 0.49%, 18, 0, 3, 767.82
1663142941, 0, 263, 341, 320, 16, 0.49%, 19, 0, 3, 770.79
1663142946, 0, 263, 342, 321, 16, 0.49%, 19, 0, 3, 760.24
1663142951, 0, 273, 344, 322, 19, 0.49%, 19, 0, 3, 804.83
1663142966, 0, 273, 345, 323, 19, 0.49%, 19, 0, 3, 865.70
1663142971, 0, 279, 345, 322, 18, 0.49%, 19, 0, 3, 863.71
1663142987, 0, 288, 346, 321, 16, 0.49%, 19, 0, 3, 867.36
1663142992, 0, 290, 346, 320, 15, 0.49%, 19, 0, 3, 868.89
1663143002, 0, 318, 346, 319, 14, 0.49%, 19, 0, 3, 867.41
1663143007, 0, 318, 349, 322, 14, 0.49%, 19, 0, 4, 868.14
1663143012, 0, 318, 350, 323, 14, 0.49%, 19, 0, 4, 869.67
1663143022, 0, 319, 350, 322, 13, 0.49%, 19, 0, 4, 871.71
1663143033, 0, 321, 351, 322, 12, 0.49%, 19, 0, 4, 863.06
1663143038, 0, 321, 355, 326, 12, 0.49%, 19, 0, 4, 867.48
1663143043, 0, 321, 362, 333, 12, 0.50%, 19, 0, 4, 865.48
1663143048, 0, 321, 365, 336, 12, 0.50%, 19, 0, 4, 863.56
1663143053, 0, 321, 366, 337, 12, 0.50%, 19, 0, 4, 864.94
1663143058, 0, 321, 366, 337, 12, 0.50%, 21, 0, 4, 862.60
1663143068, 0, 321, 368, 339, 12, 0.50%, 21, 0, 4, 860.16
1663143074, 0, 321, 371, 342, 12, 0.50%, 21, 0, 4, 859.53
1663143079, 0, 322, 372, 342, 14, 0.50%, 21, 0, 4, 851.84
1663143104, 0, 323, 372, 341, 13, 0.50%, 21, 0, 4, 673.84
