# unix_time, cycles_done, cur_path, paths_total, pending_total, pending_favs, map_size, unique_crashes, unique_hangs, max_depth, execs_per_sec
1663134607, 0, 0, 1, 1, 1, 0.30%, 0, 0, 1, 195.12
1663134612, 0, 0, 75, 75, 1, 0.49%, 0, 0, 2, 566.45
1663134617, 0, 0, 85, 85, 1, 0.49%, 0, 0, 2, 635.29
1663134622, 0, 0, 95, 95, 1, 0.50%, 1, 0, 2, 660.61
1663134627, 0, 0, 155, 155, 1, 0.52%, 1, 0, 2, 707.62
1663134632, 0, 0, 230, 230, 1, 0.54%, 6, 0, 2, 812.35
1663134637, 0, 0, 267, 267, 1, 0.56%, 8, 0, 2, 803.71
1663134642, 0, 0, 278, 278, 1, 0.56%, 9, 0, 2, 808.22
1663134647, 0, 0, 287, 287, 1, 0.56%, 11, 0, 2, 806.91
1663134653, 0, 0, 295, 295, 1, 0.56%, 16, 0, 2, 806.40
1663134658, 0, 0, 302, 302, 1, 0.56%, 16, 0, 2, 808.39
1663134663, 0, 0, 304, 304, 1, 0.56%, 19, 0, 2, 809.06
1663134668, 0, 0, 310, 310, 1, 0.56%, 19, 0, 2, 804.52
1663134673, 0, 4, 312, 311, 43, 0.57%, 19, 0, 2, 845.37
1663134683, 0, 5, 312, 310, 42, 0.57%, 19, 0, 2, 882.18
1663134693, 0, 15, 312, 309, 41, 0.57%, 19, 0, 2, 874.32
1663134708, 0, 23, 312, 308, 40, 0.57%, 19, 0, 2, 697.31
1663134713, 0, 23, 312, 308, 40, 0.57%, 20, 0, 2, 667.11
1663134723, 0, 23, 315, 311, 40, 0.57%, 20, 0, 3, 726.51
1663134729, 0, 23, 325, 321, 40, 0.60%, 20, 0, 3, 794.69
1663134734, 0, 23, 333, 329, 40, 0.60%, 20, 0, 3, 805.92
1663134739, 0, 23, 335, 331, 40, 0.60%, 20, 0, 3, 802.87
1663134744, 0, 23, 335, 331, 40, 0.60%, 21, 0, 3, 803.33
1663134749, 0, 23, 337, 333, 40, 0.60%, 22, 0, 3, 802.80
1663134754, 0, 28, 338, 333, 42, 0.60%, 22, 0, 3, 742.56
1663134765, 0, 28, 338, 333, 42, 0.60%, 23, 0, 3, 671.76
1663134775, 0, 28, 341, 336, 42, 0.60%, 23, 0, 3, 767.74
1663134780, 0, 28, 343, 338, 42, 0.60%, 23, 0, 3, 789.97
1663134790, 0, 28, 345, 340, 42, 0.60%, 23, 0, 3, 803.71
1663134795, 0, 47, 345, 339, 41, 0.60%, 23, 0, 3, 752.88
1663134805, 0, 47, 345, 339, 41, 0.60%, 24, 0, 3, 660.01
1663134816, 0, 62, 345, 338, 40, 0.60%, 25, 0, 3, 687.45
1663134836, 0, 66, 345, 337, 39, 0.60%, 25, 0, 3, 812.29
1663134841, 0, 66, 345, 337, 39, 0.60%, 26, 0, 3, 859.86
1663134851, 0, 73, 346, 337, 38, 0.60%, 26, 0, 3, 817.24
1663134861, 0, 73, 346, 337, 38, 0.60%, 27, 0, 3, 664.46
1663134872, 0, 86, 346, 336, 37, 0.60%, 27, 0, 3, 692.80
1663134882, 0, 86, 346, 336, 37, 0.60%, 28, 0, 3, 666.25
1663134892, 0, 88, 346, 335, 37, 0.60%, 28, 0, 3, 690.94
1663134912, 0, 125, 347, 334, 36, 0.61%, 28, 0, 3, 813.83
1663134928, 0, 131, 351, 337, 35, 0.61%, 28, 0, 3, 873.34
1663134933, 0, 131, 352, 338, 35, 0.62%, 28, 0, 3, 879.21
1663134938, 0, 134, 352, 337, 34, 0.62%, 28, 0, 3, 880.60
1663134953, 0, 155, 352, 336, 33, 0.62%, 28, 0, 3, 880.95
1663134958, 0, 155, 352, 336, 33, 0.62%, 29, 0, 3, 879.33
1663134963, 0, 161, 352, 335, 32, 0.62%, 29, 0, 3, 881.90
1663134968, 0, 182, 353, 334, 30, 0.62%, 29, 0, 3, 874.63
1663134973, 0, 182, 355, 336, 30, 0.62%, 29, 0, 3, 880.78
1663134983, 0, 202, 357, 337, 31, 0.62%, 30, 0, 3, 880.11
1663134993, 0, 202, 359, 339, 31, 0.62%, 30, 0, 3, 877.79
1663134998, 0, 202, 361, 341, 31, 0.62%, 30, 0, 3, 878.49
1663135003, 0, 202, 363, 343, 31, 0.62%, 30, 0, 3, 875.64
1663135008, 0, 202, 364, 344, 31, 0.62%, 30, 0, 3, 875.48
1663135024, 0, 210, 365, 343, 29, 0.62%, 31, 0, 3, 879.16
1663135034, 0, 213, 366, 343, 28, 0.62%, 31, 0, 3, 874.10
1663135044, 0, 216, 366, 342, 27, 0.62%, 31, 0, 3, 733.54
1663135069, 0, 216, 369, 345, 27, 0.63%, 31, 0, 3, 771.24
1663135074, 0, 216, 369, 345, 27, 0.63%, 32, 0, 3, 793.54
1663135080, 0, 216, 370, 346, 27, 0.63%, 32, 0, 3, 795.46
1663135085, 0, 216, 371, 347, 27, 0.63%, 32, 0, 3, 792.78
1663135090, 0, 216, 371, 347, 27, 0.63%, 33, 0, 3, 796.70
1663135095, 0, 217, 372, 347, 26, 0.63%, 33, 0, 3, 804.86
1663135100, 0, 217, 373, 348, 26, 0.63%, 34, 0, 3, 863.57
1663135105, 0, 217, 374, 349, 26, 0.63%, 34, 0, 3, 880.44
1663135110, 0, 226, 375, 349, 26, 0.63%, 34, 0, 3, 882.07
1663135115, 0, 235, 376, 348, 24, 0.63%, 34, 0, 3, 846.09
1663135146, 0, 240, 377, 348, 25, 0.63%, 35, 0, 3, 739.83
1663135151, 0, 246, 377, 347, 24, 0.63%, 35, 0, 3, 851.53
1663135156, 0, 248, 377, 346, 23, 0.63%, 36, 0, 3, 872.60
1663135166, 0, 255, 377, 345, 22, 0.63%, 36, 0, 3, 883.37
1663135171, 0, 264, 377, 344, 21, 0.63%, 36, 0, 3, 874.31
1663135176, 0, 264, 377, 344, 21, 0.63%, 37, 0, 3, 868.54
1663135186, 0, 269, 377, 343, 20, 0.63%, 37, 0, 3, 878.82
1663135197, 0, 274, 378, 343, 19, 0.63%, 38, 0, 3, 881.10
