# unix_time, cycles_done, cur_path, paths_total, pending_total, pending_favs, map_size, unique_crashes, unique_hangs, max_depth, execs_per_sec
1662918446, 0, 0, 1, 1, 1, 0.30%, 0, 0, 1, 173.91
1662918451, 0, 0, 75, 75, 1, 0.49%, 0, 0, 2, 558.35
1662918456, 0, 0, 85, 85, 1, 0.49%, 0, 0, 2, 636.64
1662918461, 0, 0, 95, 95, 1, 0.50%, 1, 0, 2, 659.90
1662918466, 0, 0, 150, 150, 1, 0.51%, 1, 0, 2, 696.95
1662918472, 0, 0, 229, 229, 1, 0.57%, 1, 0, 2, 787.47
1662918477, 0, 0, 261, 261, 1, 0.58%, 4, 0, 2, 804.72
1662918482, 0, 0, 279, 279, 1, 0.58%, 8, 0, 2, 805.82
1662918487, 0, 0, 291, 291, 1, 0.58%, 9, 0, 2, 803.45
1662918492, 0, 0, 302, 302, 1, 0.59%, 15, 0, 2, 807.50
1662918497, 0, 0, 306, 306, 1, 0.59%, 15, 0, 2, 805.19
