# unix_time, cycles_done, cur_path, paths_total, pending_total, pending_favs, map_size, unique_crashes, unique_hangs, max_depth, execs_per_sec
1662899101, 0, 0, 1, 1, 1, 0.31%, 0, 0, 1, 181.82
1662899107, 0, 0, 74, 74, 1, 0.51%, 0, 0, 2, 566.66
1662899112, 0, 0, 85, 85, 1, 0.52%, 1, 0, 2, 639.85
1662899117, 0, 0, 94, 94, 1, 0.52%, 1, 0, 2, 663.10
1662899122, 0, 0, 153, 153, 1, 0.53%, 2, 0, 2, 707.13
1662899127, 0, 0, 231, 231, 1, 0.57%, 5, 0, 2, 766.64
1662899132, 0, 0, 254, 254, 1, 0.57%, 10, 0, 2, 796.21
1662899137, 0, 0, 274, 274, 1, 0.57%, 15, 0, 2, 807.98
1662899142, 0, 0, 283, 283, 1, 0.58%, 17, 0, 2, 801.54
1662899147, 0, 0, 291, 291, 1, 0.59%, 18, 0, 2, 808.71
1662899152, 0, 0, 299, 299, 1, 0.59%, 19, 0, 2, 807.36
1662899158, 0, 0, 305, 305, 1, 0.59%, 20, 0, 2, 799.87
1662899163, 0, 0, 310, 310, 1, 0.59%, 21, 0, 2, 803.17
1662899168, 0, 29, 312, 311, 44, 0.60%, 21, 0, 2, 708.62
1662899178, 0, 29, 312, 311, 44, 0.60%, 22, 0, 2, 668.47
1662899188, 0, 29, 321, 320, 44, 0.60%, 24, 0, 3, 766.25
1662899193, 0, 29, 327, 326, 44, 0.60%, 24, 0, 3, 795.02
1662899199, 0, 29, 330, 329, 44, 0.60%, 24, 0, 3, 799.51
1662899204, 0, 29, 336, 335, 44, 0.60%, 25, 0, 3, 787.92
1662899209, 0, 29, 338, 337, 44, 0.61%, 25, 0, 3, 803.32
1662899214, 0, 29, 341, 340, 44, 0.61%, 27, 0, 3, 801.21
1662899219, 0, 39, 341, 339, 45, 0.61%, 27, 0, 3, 680.95
1662899224, 0, 39, 342, 340, 45, 0.62%, 27, 0, 3, 667.26
1662899234, 0, 39, 349, 347, 45, 0.62%, 27, 0, 3, 731.07
1662899239, 0, 39, 352, 350, 45, 0.63%, 27, 0, 3, 790.64
1662899244, 0, 39, 353, 351, 45, 0.63%, 27, 0, 3, 808.84
1662899249, 0, 39, 354, 352, 45, 0.63%, 27, 0, 3, 795.70
1662899254, 0, 39, 355, 353, 45, 0.63%, 28, 0, 3, 801.77
1662899260, 0, 39, 357, 355, 45, 0.63%, 28, 0, 3, 809.84
1662899265, 0, 62, 360, 357, 45, 0.63%, 28, 0, 3, 736.84
1662899285, 0, 71, 360, 356, 44, 0.63%, 28, 0, 3, 685.28
1662899305, 0, 75, 361, 356, 43, 0.63%, 29, 0, 3, 708.74
1662899316, 0, 75, 361, 356, 43, 0.63%, 30, 0, 3, 679.29
1662899326, 0, 81, 361, 355, 42, 0.63%, 31, 0, 3, 685.12
1662899346, 0, 81, 363, 357, 42, 0.63%, 31, 0, 3, 783.15
1662899351, 0, 81, 365, 359, 42, 0.63%, 31, 0, 3, 806.71
1662899362, 0, 81, 368, 362, 42, 0.63%, 31, 0, 3, 805.03
1662899372, 0, 104, 371, 364, 41, 0.63%, 31, 0, 3, 820.87
1662899392, 0, 126, 371, 363, 40, 0.63%, 31, 0, 3, 875.69
