# unix_time, cycles_done, cur_path, paths_total, pending_total, pending_favs, map_size, unique_crashes, unique_hangs, max_depth, execs_per_sec
1663141907, 0, 0, 1, 1, 1, 0.27%, 0, 0, 1, 210.53
1663141912, 0, 0, 60, 60, 1, 0.40%, 0, 0, 2, 570.38
1663141918, 0, 0, 68, 68, 1, 0.41%, 0, 0, 2, 643.00
1663141923, 0, 0, 76, 76, 1, 0.41%, 0, 0, 2, 648.16
1663141928, 0, 0, 137, 137, 1, 0.42%, 0, 0, 2, 710.12
1663141933, 0, 0, 206, 206, 1, 0.42%, 0, 0, 2, 784.46
1663141938, 0, 0, 223, 223, 1, 0.43%, 1, 0, 2, 792.72
1663141943, 0, 0, 245, 245, 1, 0.43%, 1, 0, 2, 795.13
1663141948, 0, 0, 259, 259, 1, 0.43%, 2, 0, 2, 800.00
1663141953, 0, 0, 266, 266, 1, 0.43%, 2, 0, 2, 792.87
1663141959, 0, 0, 271, 271, 1, 0.43%, 3, 0, 2, 794.86
1663141964, 0, 0, 277, 277, 1, 0.44%, 4, 0, 2, 797.30
1663141969, 0, 0, 280, 280, 1, 0.44%, 4, 0, 2, 799.16
1663141974, 0, 22, 280, 279, 31, 0.44%, 4, 0, 2, 687.47
1663141989, 0, 22, 282, 281, 31, 0.44%, 4, 0, 3, 700.09
1663141994, 0, 22, 286, 285, 31, 0.44%, 5, 0, 3, 770.71
1663141999, 0, 22, 287, 286, 31, 0.44%, 5, 0, 3, 787.53
1663142005, 0, 22, 294, 293, 31, 0.44%, 6, 0, 3, 790.57
1663142010, 0, 22, 299, 298, 31, 0.45%, 7, 0, 3, 786.93
1663142015, 0, 22, 301, 300, 31, 0.47%, 8, 0, 3, 785.85
1663142020, 0, 24, 303, 301, 32, 0.47%, 8, 0, 3, 802.58
1663142030, 0, 24, 303, 301, 32, 0.47%, 9, 0, 3, 866.86
1663142036, 0, 55, 303, 300, 31, 0.47%, 9, 0, 3, 864.26
1663142051, 0, 67, 303, 299, 30, 0.47%, 9, 0, 3, 827.21
1663142071, 0, 69, 303, 298, 29, 0.47%, 9, 0, 3, 718.08
1663142091, 0, 69, 305, 300, 29, 0.47%, 9, 0, 3, 746.31
1663142097, 0, 76, 305, 299, 29, 0.47%, 10, 0, 3, 798.86
1663142117, 0, 88, 305, 298, 29, 0.47%, 10, 0, 3, 862.91
1663142122, 0, 88, 306, 299, 29, 0.47%, 10, 0, 3, 859.95
1663142127, 0, 99, 306, 298, 28, 0.47%, 10, 0, 3, 859.93
1663142132, 0, 99, 306, 298, 28, 0.47%, 11, 0, 3, 870.24
1663142137, 0, 113, 306, 296, 26, 0.47%, 11, 0, 3, 781.88
1663142158, 0, 117, 306, 294, 24, 0.47%, 11, 0, 3, 845.67
1663142168, 0, 119, 306, 293, 23, 0.47%, 11, 0, 3, 704.85
1663142183, 0, 127, 306, 292, 22, 0.47%, 11, 0, 3, 822.05
1663142193, 0, 127, 309, 295, 22, 0.47%, 11, 0, 3, 866.32
1663142199, 0, 131, 309, 294, 22, 0.47%, 11, 0, 3, 868.76
1663142209, 0, 135, 309, 293, 21, 0.47%, 12, 0, 3, 869.93
1663142214, 0, 168, 309, 292, 20, 0.47%, 12, 0, 3, 855.11
1663142234, 0, 168, 313, 296, 20, 0.47%, 12, 0, 3, 753.16
1663142239, 0, 168, 314, 297, 20, 0.47%, 12, 0, 3, 792.46
1663142244, 0, 168, 314, 297, 20, 0.47%, 13, 0, 3, 793.36
1663142250, 0, 168, 315, 298, 20, 0.47%, 13, 0, 3, 794.51
1663142255, 0, 168, 316, 299, 20, 0.47%, 13, 0, 3, 798.27
1663142260, 0, 168, 318, 301, 20, 0.47%, 14, 0, 3, 795.24
1663142265, 0, 180, 318, 300, 19, 0.47%, 14, 0, 3, 848.47
1663142270, 0, 180, 319, 301, 19, 0.47%, 14, 0, 3, 868.31
1663142275, 0, 207, 319, 300, 18, 0.47%, 14, 0, 3, 868.68
1663142296, 0, 207, 324, 305, 18, 0.47%, 14, 0, 3, 861.97
1663142301, 0, 207, 325, 306, 18, 0.47%, 14, 0, 3, 860.13
1663142306, 0, 207, 326, 307, 18, 0.47%, 14, 0, 3, 860.36
1663142327, 0, 207, 328, 309, 18, 0.47%, 14, 0, 3, 852.56
1663142332, 0, 209, 329, 309, 18, 0.47%, 14, 0, 3, 862.30
1663142337, 0, 209, 329, 309, 18, 0.47%, 15, 0, 3, 862.07
1663142347, 0, 210, 329, 308, 17, 0.47%, 15, 0, 3, 862.07
1663142367, 0, 211, 331, 309, 17, 0.47%, 15, 0, 3, 871.91
1663142378, 0, 220, 331, 308, 17, 0.47%, 15, 0, 3, 732.77
1663142398, 0, 220, 337, 314, 17, 0.48%, 16, 0, 3, 747.48
1663142403, 0, 220, 338, 315, 17, 0.48%, 16, 0, 3, 764.52
1663142419, 0, 222, 339, 315, 18, 0.48%, 16, 0, 3, 818.02
1663142429, 0, 255, 339, 313, 16, 0.48%, 16, 0, 3, 823.81
1663142454, 0, 268, 339, 312, 15, 0.48%, 16, 0, 3, 756.11
1663142460, 0, 269, 339, 311, 14, 0.48%, 16, 0, 3, 847.32
1663142465, 0, 269, 341, 313, 14, 0.48%, 16, 0, 3, 863.64
1663142480, 0, 271, 341, 312, 14, 0.48%, 16, 0, 3, 855.16
1663142485, 0, 271, 345, 316, 14, 0.48%, 16, 0, 3, 846.68
1663142490, 0, 271, 345, 316, 14, 0.48%, 17, 0, 3, 830.73
1663142500, 0, 271, 350, 321, 14, 0.49%, 17, 0, 3, 810.33
