# unix_time, cycles_done, cur_path, paths_total, pending_total, pending_favs, map_size, unique_crashes, unique_hangs, max_depth, execs_per_sec
1663128465, 0, 0, 1, 1, 1, 0.30%, 0, 0, 1, 210.53
1663128470, 0, 0, 76, 76, 1, 0.49%, 0, 0, 2, 583.48
1663128475, 0, 0, 87, 87, 1, 0.51%, 0, 0, 2, 663.50
1663128480, 0, 0, 96, 96, 1, 0.51%, 0, 0, 2, 674.70
1663128486, 0, 0, 173, 173, 1, 0.52%, 0, 0, 2, 733.42
1663128491, 0, 0, 238, 238, 1, 0.57%, 0, 0, 2, 719.83
1663128496, 0, 0, 266, 266, 1, 0.58%, 0, 0, 2, 804.83
1663128501, 0, 0, 284, 284, 1, 0.58%, 0, 0, 2, 821.12
1663128506, 0, 0, 296, 296, 1, 0.58%, 0, 0, 2, 827.68
1663128511, 0, 0, 308, 308, 1, 0.58%, 0, 0, 2, 835.84
1663128516, 0, 0, 314, 314, 1, 0.58%, 0, 0, 2, 831.11
1663128521, 0, 0, 318, 318, 1, 0.58%, 0, 0, 2, 835.71
1663128526, 0, 0, 322, 322, 1, 0.58%, 0, 0, 2, 832.31
1663128531, 0, 4, 322, 321, 43, 0.58%, 0, 0, 2, 889.21
1663128536, 0, 5, 322, 320, 42, 0.58%, 0, 0, 2, 903.71
1663128547, 0, 5, 324, 322, 42, 0.58%, 0, 0, 3, 903.63
1663128552, 0, 5, 326, 324, 42, 0.58%, 0, 0, 3, 898.14
1663128562, 0, 5, 327, 325, 42, 0.58%, 0, 0, 3, 902.80
1663128567, 0, 5, 328, 326, 42, 0.58%, 0, 0, 3, 898.24
1663128572, 0, 29, 330, 327, 42, 0.58%, 0, 0, 3, 890.86
1663128592, 0, 29, 332, 329, 42, 0.59%, 0, 0, 3, 768.96
1663128598, 0, 29, 333, 330, 42, 0.59%, 0, 0, 3, 817.35
1663128603, 0, 29, 336, 333, 42, 0.59%, 0, 0, 3, 825.23
1663128608, 0, 29, 338, 335, 42, 0.60%, 0, 0, 3, 827.19
1663128613, 0, 29, 341, 338, 42, 0.60%, 0, 0, 3, 831.88
1663128618, 0, 29, 343, 340, 42, 0.62%, 0, 0, 3, 833.72
1663128623, 0, 39, 343, 339, 43, 0.62%, 0, 0, 3, 732.83
1663128628, 0, 39, 344, 340, 43, 0.62%, 0, 0, 3, 691.86
1663128638, 0, 39, 346, 342, 43, 0.62%, 0, 0, 3, 733.25
1663128643, 0, 39, 350, 346, 43, 0.62%, 0, 0, 3, 811.28
1663128648, 0, 39, 354, 350, 43, 0.63%, 0, 0, 3, 822.39
1663128653, 0, 39, 355, 351, 43, 0.63%, 0, 0, 3, 822.58
1663128658, 0, 39, 357, 353, 43, 0.63%, 0, 0, 3, 835.23
1663128663, 0, 39, 359, 355, 43, 0.63%, 0, 0, 3, 833.79
1663128668, 0, 48, 360, 355, 44, 0.63%, 0, 0, 3, 777.89
1663128689, 0, 62, 360, 354, 43, 0.63%, 0, 0, 3, 702.43
1663128709, 0, 66, 362, 355, 42, 0.63%, 0, 0, 3, 803.39
1663128714, 0, 66, 363, 356, 42, 0.63%, 0, 0, 3, 881.84
1663128724, 0, 66, 365, 358, 42, 0.63%, 0, 0, 3, 898.41
1663128730, 0, 66, 367, 360, 42, 0.63%, 0, 0, 3, 896.25
1663128735, 0, 66, 372, 365, 42, 0.63%, 0, 0, 3, 898.30
1663128740, 0, 66, 374, 367, 42, 0.63%, 0, 0, 3, 894.85
1663128745, 0, 66, 376, 369, 42, 0.63%, 0, 0, 3, 892.17
1663128750, 0, 85, 378, 370, 43, 0.63%, 0, 0, 3, 879.48
1663128770, 0, 134, 378, 369, 42, 0.63%, 0, 0, 3, 795.95
1663128791, 0, 163, 380, 368, 40, 0.63%, 0, 0, 3, 905.80
1663128796, 0, 163, 383, 371, 40, 0.63%, 0, 0, 3, 904.87
1663128801, 0, 163, 387, 375, 40, 0.63%, 0, 0, 3, 898.29
1663128811, 0, 163, 388, 376, 40, 0.63%, 0, 0, 3, 907.16
1663128822, 0, 163, 389, 377, 40, 0.63%, 0, 0, 3, 905.16
1663128832, 0, 166, 389, 376, 41, 0.63%, 0, 0, 3, 902.12
1663128837, 0, 174, 389, 375, 40, 0.63%, 0, 0, 3, 900.74
1663128847, 0, 187, 389, 374, 39, 0.63%, 0, 0, 3, 901.13
1663128862, 0, 196, 389, 373, 38, 0.63%, 0, 0, 3, 768.69
1663128878, 0, 196, 390, 374, 38, 0.63%, 0, 0, 3, 738.49
1663128883, 0, 196, 391, 375, 38, 0.63%, 0, 0, 3, 818.74
1663128888, 0, 197, 391, 374, 38, 0.63%, 0, 0, 3, 727.35
1663128903, 0, 197, 392, 375, 38, 0.63%, 0, 0, 3, 767.83
1663128908, 0, 209, 392, 373, 36, 0.63%, 0, 0, 3, 871.12
1663128913, 0, 220, 392, 372, 35, 0.63%, 0, 0, 3, 900.59
1663128924, 0, 222, 393, 371, 33, 0.63%, 0, 0, 3, 902.76
1663128929, 0, 223, 394, 371, 32, 0.63%, 0, 0, 3, 725.35
1663128949, 0, 223, 396, 373, 32, 0.64%, 0, 0, 3, 755.29
1663128954, 0, 223, 397, 374, 32, 0.64%, 0, 0, 3, 795.68
1663128959, 0, 223, 399, 376, 32, 0.64%, 0, 0, 3, 800.49
1663128964, 0, 223, 400, 377, 32, 0.64%, 0, 0, 3, 796.61
1663128970, 0, 223, 402, 379, 32, 0.64%, 0, 0, 3, 806.56
1663128975, 0, 223, 405, 382, 32, 0.64%, 0, 0, 3, 807.34
1663128980, 0, 231, 406, 381, 32, 0.64%, 0, 0, 3, 871.86
1663128985, 0, 237, 407, 381, 31, 0.64%, 0, 0, 3, 894.98
1663128990, 0, 239, 407, 380, 30, 0.64%, 0, 0, 3, 892.92
1663128995, 0, 248, 409, 381, 29, 0.64%, 0, 0, 3, 893.46
1663129005, 0, 250, 410, 381, 28, 0.64%, 0, 0, 3, 842.94
1663129026, 0, 250, 411, 382, 28, 0.64%, 0, 0, 3, 771.31
1663129031, 0, 256, 411, 381, 27, 0.64%, 0, 0, 3, 875.77
1663129041, 0, 259, 411, 380, 26, 0.64%, 0, 0, 3, 907.71
1663129046, 0, 274, 412, 380, 25, 0.64%, 0, 0, 3, 904.09
