# unix_time, cycles_done, cur_path, paths_total, pending_total, pending_favs, map_size, unique_crashes, unique_hangs, max_depth, execs_per_sec
1662897239, 0, 0, 1, 1, 1, 0.30%, 0, 0, 1, 177.78
1662897244, 0, 0, 75, 75, 1, 0.49%, 0, 0, 2, 569.36
1662897249, 0, 0, 85, 85, 1, 0.49%, 0, 0, 2, 632.39
1662897254, 0, 0, 96, 96, 1, 0.51%, 0, 0, 2, 659.41
1662897259, 0, 0, 153, 153, 1, 0.52%, 0, 0, 2, 706.44
1662897264, 0, 0, 238, 238, 1, 0.55%, 0, 0, 2, 722.82
1662897269, 0, 0, 274, 274, 1, 0.57%, 0, 0, 2, 790.14
1662897274, 0, 0, 290, 290, 1, 0.57%, 0, 0, 2, 801.08
1662897279, 0, 0, 298, 298, 1, 0.57%, 0, 0, 2, 802.26
1662897285, 0, 0, 303, 303, 1, 0.58%, 0, 0, 2, 807.49
1662897290, 0, 0, 316, 316, 1, 0.59%, 0, 0, 2, 809.62
1662897295, 0, 0, 318, 318, 1, 0.59%, 0, 0, 2, 804.32
1662897300, 0, 0, 321, 321, 1, 0.59%, 0, 0, 2, 807.67
1662897305, 0, 4, 323, 322, 51, 0.60%, 0, 0, 2, 856.17
1662897315, 0, 5, 323, 321, 50, 0.60%, 0, 0, 2, 887.77
1662897325, 0, 5, 329, 327, 50, 0.61%, 0, 0, 3, 883.33
1662897330, 0, 5, 331, 329, 50, 0.61%, 0, 0, 3, 884.58
1662897335, 0, 5, 332, 330, 50, 0.61%, 0, 0, 3, 880.84
1662897340, 0, 5, 333, 331, 50, 0.61%, 0, 0, 3, 879.83
1662897350, 0, 24, 334, 331, 48, 0.61%, 0, 0, 3, 774.18
1662897371, 0, 29, 334, 330, 47, 0.61%, 0, 0, 3, 699.01
1662897391, 0, 29, 336, 332, 47, 0.61%, 0, 0, 3, 778.60
1662897396, 0, 66, 337, 332, 46, 0.61%, 0, 0, 3, 841.22
1662897411, 0, 66, 341, 336, 46, 0.61%, 0, 0, 3, 870.30
1662897417, 0, 66, 344, 339, 46, 0.62%, 0, 0, 3, 875.61
1662897422, 0, 66, 348, 343, 46, 0.62%, 0, 0, 3, 872.78
1662897427, 0, 66, 349, 344, 46, 0.62%, 0, 0, 3, 871.46
1662897432, 0, 66, 353, 348, 46, 0.62%, 0, 0, 3, 870.84
1662897437, 0, 76, 357, 351, 47, 0.62%, 0, 0, 3, 838.94
1662897457, 0, 76, 358, 352, 47, 0.62%, 0, 0, 3, 759.53
1662897462, 0, 85, 358, 351, 46, 0.62%, 0, 0, 3, 695.78
1662897477, 0, 85, 359, 352, 46, 0.62%, 0, 0, 3, 729.12
1662897483, 0, 85, 361, 354, 46, 0.62%, 0, 0, 3, 795.47
1662897488, 0, 85, 362, 355, 46, 0.62%, 0, 0, 3, 808.18
1662897503, 0, 85, 364, 357, 46, 0.62%, 0, 0, 3, 805.23
1662897508, 0, 86, 365, 357, 45, 0.62%, 0, 0, 3, 753.78
1662897529, 0, 101, 365, 356, 44, 0.62%, 0, 0, 3, 817.23
1662897534, 0, 103, 365, 355, 43, 0.62%, 0, 0, 3, 854.16
