# unix_time, cycles_done, cur_path, paths_total, pending_total, pending_favs, map_size, unique_crashes, unique_hangs, max_depth, execs_per_sec
1662918302, 0, 0, 1, 1, 1, 0.30%, 0, 0, 1, 205.13
1662918307, 0, 0, 75, 75, 1, 0.49%, 0, 0, 2, 567.57
1662918312, 0, 0, 86, 86, 1, 0.50%, 1, 0, 2, 643.25
1662918317, 0, 0, 95, 95, 1, 0.50%, 1, 0, 2, 660.23
1662918322, 0, 0, 151, 151, 1, 0.51%, 4, 0, 2, 714.08
1662918327, 0, 0, 230, 230, 1, 0.56%, 8, 0, 2, 728.23
1662918332, 0, 0, 260, 260, 1, 0.58%, 11, 0, 2, 776.40
1662918338, 0, 0, 276, 276, 1, 0.58%, 13, 0, 2, 800.54
1662918343, 0, 0, 290, 290, 1, 0.58%, 15, 0, 2, 807.05
1662918348, 0, 0, 302, 302, 1, 0.59%, 18, 0, 2, 808.39
1662918353, 0, 0, 307, 307, 1, 0.59%, 18, 0, 2, 799.93
