# unix_time, cycles_done, cur_path, paths_total, pending_total, pending_favs, map_size, unique_crashes, unique_hangs, max_depth, execs_per_sec
1663235040, 0, 0, 1, 1, 1, 0.28%, 0, 0, 1, 177.78
1663235045, 0, 0, 62, 62, 1, 0.41%, 0, 0, 2, 555.82
1663235050, 0, 0, 70, 70, 1, 0.42%, 0, 0, 2, 639.03
1663235055, 0, 0, 78, 78, 1, 0.43%, 0, 0, 2, 661.64
1663235060, 0, 0, 141, 141, 1, 0.44%, 0, 0, 2, 702.93
1663235065, 0, 0, 219, 219, 1, 0.46%, 0, 0, 2, 733.35
1663235071, 0, 0, 254, 254, 1, 0.46%, 3, 0, 2, 789.44
1663235076, 0, 0, 268, 268, 1, 0.46%, 3, 0, 2, 802.76
1663235081, 0, 0, 280, 280, 1, 0.46%, 6, 0, 2, 810.17
1663235086, 0, 0, 285, 285, 1, 0.46%, 6, 0, 2, 809.51
1663235091, 0, 0, 289, 289, 1, 0.46%, 6, 0, 2, 813.30
1663235096, 0, 0, 290, 290, 1, 0.46%, 6, 0, 2, 811.20
1663235101, 0, 0, 292, 292, 1, 0.46%, 6, 0, 2, 802.69
1663235106, 0, 22, 295, 294, 27, 0.48%, 6, 0, 2, 699.84
1663235122, 0, 22, 298, 297, 27, 0.49%, 7, 0, 3, 697.85
1663235127, 0, 22, 306, 305, 27, 0.49%, 8, 0, 3, 780.12
1663235132, 0, 22, 307, 306, 27, 0.49%, 9, 0, 3, 797.69
1663235137, 0, 22, 312, 311, 27, 0.49%, 10, 0, 3, 790.63
1663235142, 0, 22, 315, 314, 27, 0.49%, 12, 0, 3, 799.80
1663235147, 0, 22, 317, 316, 27, 0.49%, 12, 0, 3, 793.05
1663235152, 0, 55, 319, 317, 25, 0.49%, 12, 0, 3, 808.82
1663235168, 0, 55, 323, 321, 25, 0.50%, 12, 0, 3, 875.04
1663235173, 0, 55, 325, 323, 25, 0.50%, 12, 0, 3, 860.47
1663235178, 0, 55, 328, 326, 25, 0.50%, 12, 0, 3, 867.29
1663235183, 0, 55, 330, 328, 25, 0.50%, 12, 0, 3, 870.92
1663235188, 0, 55, 332, 330, 25, 0.50%, 12, 0, 3, 873.03
1663235193, 0, 55, 335, 333, 25, 0.50%, 12, 0, 3, 873.27
1663235198, 0, 69, 335, 332, 30, 0.50%, 12, 0, 3, 724.02
1663235219, 0, 98, 335, 331, 29, 0.50%, 12, 0, 3, 680.13
1663235229, 0, 98, 336, 332, 29, 0.50%, 12, 0, 3, 658.74
1663235234, 0, 98, 337, 333, 29, 0.50%, 13, 0, 3, 733.76
1663235239, 0, 98, 340, 336, 29, 0.51%, 13, 0, 3, 780.46
1663235244, 0, 98, 343, 339, 29, 0.51%, 13, 0, 3, 779.58
1663235250, 0, 98, 343, 339, 29, 0.51%, 14, 0, 3, 787.33
1663235255, 0, 98, 344, 340, 29, 0.51%, 14, 0, 3, 789.68
1663235260, 0, 98, 345, 341, 29, 0.51%, 14, 0, 3, 791.38
1663235265, 0, 109, 346, 341, 29, 0.51%, 15, 0, 3, 723.85
1663235285, 0, 121, 347, 341, 29, 0.51%, 15, 0, 3, 738.76
1663235311, 0, 164, 348, 340, 28, 0.51%, 15, 0, 3, 801.47
1663235316, 0, 166, 348, 339, 27, 0.51%, 15, 0, 3, 863.01
1663235321, 0, 170, 348, 338, 26, 0.51%, 15, 0, 3, 879.54
1663235331, 0, 170, 353, 343, 26, 0.51%, 15, 0, 3, 878.64
1663235341, 0, 170, 354, 344, 26, 0.51%, 15, 0, 3, 875.19
1663235362, 0, 170, 355, 345, 26, 0.51%, 15, 0, 3, 877.98
1663235367, 0, 171, 355, 344, 26, 0.51%, 15, 0, 3, 881.67
1663235382, 0, 188, 355, 342, 25, 0.51%, 15, 0, 3, 738.84
1663235407, 0, 189, 355, 341, 25, 0.51%, 15, 0, 3, 790.49
1663235412, 0, 206, 355, 340, 24, 0.51%, 15, 0, 3, 864.98
1663235423, 0, 214, 355, 339, 23, 0.51%, 15, 0, 3, 873.78
1663235428, 0, 226, 355, 338, 22, 0.51%, 15, 0, 3, 884.32
1663235433, 0, 233, 355, 337, 21, 0.51%, 15, 0, 3, 883.98
1663235438, 0, 261, 355, 335, 19, 0.51%, 15, 0, 3, 886.12
1663235443, 0, 272, 355, 334, 18, 0.51%, 15, 0, 3, 882.66
1663235448, 0, 272, 356, 335, 18, 0.51%, 15, 0, 3, 878.62
1663235453, 0, 272, 359, 338, 18, 0.51%, 15, 0, 3, 881.27
1663235458, 0, 272, 360, 339, 18, 0.51%, 15, 0, 3, 868.85
1663235463, 0, 272, 362, 341, 18, 0.51%, 15, 0, 3, 870.94
1663235468, 0, 272, 363, 342, 18, 0.51%, 15, 0, 3, 872.21
1663235483, 0, 294, 367, 345, 17, 0.51%, 15, 0, 3, 879.82
1663235488, 0, 294, 371, 349, 17, 0.51%, 15, 0, 3, 883.20
1663235498, 0, 294, 374, 352, 17, 0.51%, 15, 0, 3, 879.99
1663235503, 0, 294, 381, 359, 17, 0.51%, 15, 0, 3, 871.05
1663235508, 0, 294, 384, 362, 17, 0.52%, 15, 0, 3, 874.30
1663235539, 0, 300, 384, 361, 20, 0.52%, 15, 0, 3, 873.35
1663235544, 0, 300, 384, 361, 20, 0.52%, 16, 0, 3, 872.73
1663235554, 0, 312, 384, 360, 19, 0.52%, 16, 0, 3, 875.38
1663235564, 0, 312, 384, 360, 19, 0.52%, 17, 0, 3, 875.67
1663235569, 0, 312, 385, 361, 19, 0.52%, 17, 0, 4, 875.01
1663235574, 0, 315, 386, 361, 18, 0.52%, 17, 0, 4, 838.58
1663235579, 0, 315, 387, 362, 18, 0.52%, 17, 0, 4, 803.70
1663235584, 0, 315, 388, 363, 18, 0.52%, 17, 0, 4, 828.86
1663235590, 0, 318, 388, 362, 17, 0.52%, 17, 0, 4, 871.90
1663235595, 0, 321, 388, 361, 16, 0.52%, 17, 0, 4, 879.93
1663235600, 0, 322, 388, 360, 15, 0.52%, 20, 0, 4, 883.68
1663235610, 0, 322, 392, 364, 15, 0.52%, 23, 0, 4, 878.76
1663235615, 0, 322, 393, 365, 15, 0.52%, 26, 0, 4, 877.28
1663235625, 0, 322, 396, 368, 15, 0.52%, 26, 0, 4, 877.73
1663235635, 0, 322, 396, 368, 15, 0.52%, 27, 0, 4, 878.23
1663235640, 0, 324, 396, 367, 16, 0.52%, 27, 0, 4, 881.42
1663235645, 0, 328, 396, 366, 15, 0.52%, 27, 0, 4, 877.19
1663235655, 0, 332, 396, 365, 14, 0.52%, 27, 0, 4, 875.40
1663235660, 0, 335, 396, 364, 13, 0.52%, 27, 0, 4, 826.61
1663235681, 0, 337, 397, 364, 12, 0.52%, 27, 0, 4, 691.46
1663235701, 0, 337, 399, 366, 12, 0.52%, 27, 0, 4, 685.33
1663235706, 0, 337, 402, 369, 12, 0.52%, 27, 0, 4, 745.46
1663235711, 0, 337, 404, 371, 12, 0.52%, 28, 0, 4, 764.46
1663235716, 0, 337, 405, 372, 12, 0.52%, 28, 0, 4, 760.53
1663235727, 0, 337, 406, 373, 12, 0.52%, 28, 0, 4, 765.01
1663235742, 0, 337, 407, 374, 12, 0.52%, 28, 0, 4, 767.74
1663235747, 0, 340, 407, 373, 11, 0.52%, 28, 0, 4, 691.25
1663235767, 0, 343, 408, 373, 10, 0.52%, 29, 0, 4, 743.71
1663235778, 0, 346, 408, 372, 9, 0.52%, 29, 0, 4, 872.19
1663235783, 0, 346, 409, 373, 9, 0.52%, 29, 0, 4, 875.58
1663235788, 0, 353, 409, 372, 8, 0.52%, 29, 0, 4, 868.48
1663235808, 0, 367, 409, 371, 7, 0.52%, 29, 0, 4, 875.72
1663235813, 0, 367, 409, 371, 7, 0.52%, 30, 0, 4, 870.47
1663235828, 0, 371, 409, 370, 6, 0.52%, 30, 0, 4, 878.56
1663235838, 0, 381, 409, 369, 5, 0.52%, 30, 0, 4, 874.48
1663235858, 0, 388, 409, 368, 4, 0.52%, 30, 0, 4, 871.53
1663235869, 0, 388, 414, 373, 4, 0.52%, 32, 0, 5, 872.55
1663235874, 0, 388, 419, 378, 4, 0.52%, 32, 0, 5, 866.48
1663235884, 0, 388, 421, 380, 4, 0.52%, 32, 0, 5, 857.42
1663235889, 0, 388, 422, 381, 4, 0.52%, 32, 0, 5, 863.60
1663235904, 0, 392, 422, 380, 5, 0.52%, 32, 0, 5, 868.92
1663235914, 0, 392, 424, 382, 5, 0.52%, 32, 0, 5, 879.26
1663235919, 0, 392, 425, 383, 5, 0.52%, 32, 0, 5, 879.17
1663235935, 0, 396, 425, 382, 4, 0.52%, 32, 0, 5, 779.72
1663235960, 0, 410, 425, 381, 3, 0.52%, 32, 0, 5, 846.39
1663235970, 0, 423, 425, 380, 2, 0.52%, 32, 0, 5, 874.57
1663235986, 0, 423, 426, 381, 2, 0.52%, 32, 0, 6, 877.26
1663235991, 1, 46, 426, 380, 1, 0.52%, 32, 0, 6, 877.08
1663236001, 1, 46, 432, 386, 1, 0.52%, 32, 0, 6, 878.46
1663236006, 1, 46, 438, 392, 1, 0.52%, 32, 0, 6, 873.14
1663236011, 1, 46, 440, 394, 1, 0.52%, 32, 0, 6, 877.37
1663236016, 1, 46, 442, 396, 1, 0.52%, 32, 0, 6, 877.76
1663236021, 1, 46, 446, 400, 1, 0.52%, 32, 0, 6, 873.87
1663236026, 1, 46, 448, 402, 1, 0.52%, 32, 0, 6, 874.20
1663236031, 1, 46, 451, 405, 1, 0.52%, 32, 0, 6, 872.41
1663236041, 1, 52, 451, 404, 2, 0.52%, 32, 0, 6, 724.08
1663236061, 1, 102, 451, 403, 2, 0.52%, 32, 0, 6, 841.39
1663236066, 1, 124, 451, 402, 1, 0.52%, 32, 0, 6, 869.56
1663236077, 1, 160, 451, 401, 1, 0.52%, 32, 0, 6, 884.16
1663236092, 1, 195, 451, 400, 1, 0.52%, 32, 0, 6, 873.40
1663236107, 1, 212, 451, 399, 1, 0.52%, 32, 0, 6, 876.70
1663236132, 1, 276, 451, 398, 1, 0.52%, 32, 0, 6, 878.97
1663236157, 1, 276, 456, 403, 1, 0.52%, 32, 0, 6, 853.98
1663236168, 1, 276, 457, 404, 1, 0.52%, 32, 0, 6, 857.44
1663236173, 1, 276, 459, 406, 1, 0.52%, 32, 0, 6, 858.47
1663236193, 1, 436, 460, 406, 1, 0.52%, 32, 0, 6, 865.58
1663236198, 1, 436, 462, 408, 1, 0.52%, 32, 0, 6, 876.44
1663236203, 1, 438, 463, 408, 0, 0.52%, 32, 0, 6, 878.40
1663236218, 1, 441, 463, 407, 0, 0.52%, 32, 0, 6, 873.97
1663236239, 1, 442, 463, 406, 0, 0.52%, 32, 0, 6, 872.53
1663236295, 1, 450, 463, 405, 0, 0.52%, 32, 0, 6, 837.36
1663236361, 1, 450, 465, 407, 0, 0.52%, 32, 0, 6, 849.80
1663236366, 1, 450, 466, 408, 0, 0.52%, 32, 0, 6, 843.23
1663236371, 1, 450, 467, 409, 0, 0.52%, 32, 0, 6, 837.51
1663236381, 1, 450, 468, 410, 0, 0.52%, 32, 0, 6, 840.13
1663236397, 1, 469, 470, 411, 1, 0.52%, 32, 0, 6, 837.39
1663236402, 1, 469, 476, 417, 1, 0.52%, 32, 0, 6, 856.61
1663236483, 1, 469, 477, 418, 1, 0.52%, 32, 0, 6, 868.62
1663236494, 1, 472, 477, 417, 1, 0.52%, 32, 0, 6, 866.03
1663236570, 1, 475, 477, 416, 0, 0.52%, 32, 0, 6, 872.56
1663236652, 2, 10, 477, 415, 0, 0.52%, 32, 0, 6, 727.30
1663236667, 2, 10, 482, 420, 0, 0.54%, 32, 0, 6, 697.04
1663236673, 2, 10, 490, 428, 0, 0.54%, 32, 0, 6, 776.19
1663236678, 2, 10, 497, 435, 0, 0.55%, 32, 0, 6, 799.54
1663236683, 2, 10, 499, 437, 0, 0.55%, 32, 0, 6, 808.15
1663236688, 2, 10, 501, 439, 0, 0.55%, 32, 0, 6, 803.12
1663236693, 2, 10, 503, 441, 0, 0.55%, 32, 0, 6, 808.39
1663236698, 2, 161, 504, 441, 8, 0.55%, 32, 0, 6, 825.52
1663236713, 2, 213, 504, 440, 8, 0.55%, 32, 0, 6, 878.37
1663236729, 2, 213, 508, 444, 8, 0.55%, 32, 0, 6, 861.58
1663236734, 2, 213, 511, 447, 8, 0.55%, 32, 0, 6, 861.65
1663236739, 2, 213, 512, 448, 8, 0.56%, 32, 0, 6, 859.67
1663236744, 2, 213, 513, 449, 8, 0.56%, 32, 0, 6, 854.77
1663236759, 2, 213, 515, 451, 8, 0.56%, 32, 0, 6, 845.75
1663236765, 2, 237, 515, 450, 10, 0.56%, 33, 0, 6, 757.03
1663236785, 2, 285, 515, 449, 10, 0.56%, 33, 0, 6, 801.08
1663236800, 2, 342, 515, 448, 10, 0.56%, 33, 0, 6, 756.92
1663236825, 2, 479, 515, 447, 10, 0.56%, 33, 0, 6, 669.74
