# unix_time, cycles_done, cur_path, paths_total, pending_total, pending_favs, map_size, unique_crashes, unique_hangs, max_depth, execs_per_sec
1663133381, 0, 0, 1, 1, 1, 0.30%, 0, 0, 1, 170.21
1663133386, 0, 0, 75, 75, 1, 0.49%, 0, 0, 2, 550.24
1663133392, 0, 0, 85, 85, 1, 0.49%, 0, 0, 2, 622.51
1663133397, 0, 0, 95, 95, 1, 0.50%, 1, 0, 2, 643.62
1663133402, 0, 0, 130, 130, 1, 0.50%, 2, 0, 2, 667.33
1663133407, 0, 0, 229, 229, 1, 0.53%, 9, 0, 2, 699.94
1663133412, 0, 0, 269, 269, 1, 0.56%, 11, 0, 2, 761.60
1663133417, 0, 0, 284, 284, 1, 0.56%, 11, 0, 2, 775.31
1663133422, 0, 0, 302, 302, 1, 0.57%, 14, 0, 2, 776.41
1663133428, 0, 0, 309, 309, 1, 0.57%, 17, 0, 2, 796.39
1663133433, 0, 0, 319, 319, 1, 0.60%, 18, 0, 2, 801.46
1663133438, 0, 0, 325, 325, 1, 0.61%, 19, 0, 2, 807.95
1663133443, 0, 0, 329, 329, 1, 0.61%, 21, 0, 2, 801.52
1663133448, 0, 4, 334, 333, 45, 0.61%, 21, 0, 2, 826.33
1663133458, 0, 5, 334, 332, 44, 0.61%, 21, 0, 2, 878.87
1663133468, 0, 28, 334, 331, 43, 0.61%, 21, 0, 2, 760.79
1663133478, 0, 28, 334, 331, 43, 0.61%, 22, 0, 2, 677.92
1663133489, 0, 28, 337, 334, 43, 0.61%, 23, 0, 3, 774.30
1663133494, 0, 28, 338, 335, 43, 0.61%, 23, 0, 3, 796.81
1663133499, 0, 28, 342, 339, 43, 0.61%, 23, 0, 3, 801.94
1663133509, 0, 28, 343, 340, 43, 0.61%, 25, 0, 3, 804.10
1663133514, 0, 38, 344, 340, 43, 0.61%, 25, 0, 3, 803.43
1663133524, 0, 38, 345, 341, 43, 0.61%, 25, 0, 3, 666.36
1663133535, 0, 38, 350, 346, 43, 0.61%, 25, 0, 3, 747.28
1663133540, 0, 38, 352, 348, 43, 0.61%, 26, 0, 3, 799.48
1663133545, 0, 38, 354, 350, 43, 0.61%, 26, 0, 3, 806.93
1663133550, 0, 38, 355, 351, 43, 0.61%, 26, 0, 3, 810.48
1663133560, 0, 38, 355, 351, 43, 0.61%, 27, 0, 3, 813.93
1663133565, 0, 49, 355, 350, 43, 0.61%, 28, 0, 3, 730.11
1663133586, 0, 66, 355, 349, 42, 0.61%, 28, 0, 3, 816.11
1663133591, 0, 66, 355, 349, 42, 0.61%, 29, 0, 3, 863.85
1663133601, 0, 66, 357, 351, 42, 0.61%, 29, 0, 3, 867.65
1663133606, 0, 66, 360, 354, 42, 0.61%, 30, 0, 3, 872.33
1663133611, 0, 66, 363, 357, 42, 0.61%, 31, 0, 3, 868.99
1663133616, 0, 66, 365, 359, 42, 0.61%, 33, 0, 3, 867.09
1663133621, 0, 66, 367, 361, 42, 0.61%, 33, 0, 3, 864.12
1663133626, 0, 85, 370, 363, 40, 0.62%, 33, 0, 3, 787.08
1663133647, 0, 108, 370, 362, 39, 0.62%, 33, 0, 3, 801.56
1663133667, 0, 114, 370, 360, 38, 0.62%, 33, 0, 3, 875.09
1663133682, 0, 119, 370, 359, 37, 0.62%, 33, 0, 3, 876.23
1663133693, 0, 131, 370, 358, 36, 0.62%, 33, 0, 3, 876.92
1663133698, 0, 159, 370, 356, 34, 0.62%, 33, 0, 3, 820.39
1663133718, 0, 164, 371, 356, 33, 0.62%, 34, 0, 3, 773.74
1663133723, 0, 172, 371, 355, 32, 0.62%, 34, 0, 3, 726.01
1663133728, 0, 175, 372, 355, 31, 0.62%, 34, 0, 3, 837.18
1663133733, 0, 195, 372, 354, 30, 0.62%, 34, 0, 3, 871.18
1663133743, 0, 202, 372, 352, 28, 0.62%, 34, 0, 3, 875.99
1663133758, 0, 206, 373, 352, 27, 0.62%, 34, 0, 3, 858.23
1663133773, 0, 207, 373, 351, 26, 0.62%, 34, 0, 3, 873.74
1663133789, 0, 209, 373, 350, 25, 0.62%, 34, 0, 3, 876.74
1663133799, 0, 214, 373, 349, 24, 0.62%, 34, 0, 3, 864.36
1663133804, 0, 214, 373, 349, 24, 0.62%, 35, 0, 3, 820.51
1663133809, 0, 214, 375, 351, 24, 0.62%, 35, 0, 3, 822.50
1663133814, 0, 218, 375, 350, 23, 0.62%, 35, 0, 3, 825.23
1663133829, 0, 230, 375, 349, 22, 0.62%, 35, 0, 3, 828.05
1663133839, 0, 230, 376, 350, 22, 0.62%, 35, 0, 3, 827.77
1663133844, 0, 247, 376, 349, 21, 0.62%, 35, 0, 3, 714.96
1663133870, 0, 256, 376, 348, 20, 0.62%, 35, 0, 3, 712.41
1663133880, 0, 256, 376, 348, 20, 0.62%, 36, 0, 3, 652.16
1663133890, 0, 256, 378, 350, 20, 0.62%, 36, 0, 3, 675.01
1663133895, 0, 256, 380, 352, 20, 0.62%, 37, 0, 3, 742.37
1663133900, 0, 256, 381, 353, 20, 0.62%, 37, 0, 3, 755.74
1663133905, 0, 256, 384, 356, 20, 0.62%, 38, 0, 3, 769.71
1663133910, 0, 256, 386, 358, 20, 0.62%, 38, 0, 3, 777.90
1663133915, 0, 256, 387, 359, 20, 0.62%, 40, 0, 3, 777.79
1663133920, 0, 256, 388, 360, 20, 0.62%, 40, 0, 3, 774.21
1663133926, 0, 259, 388, 359, 20, 0.62%, 40, 0, 3, 846.52
1663133931, 0, 259, 388, 359, 20, 0.62%, 41, 0, 3, 870.69
1663133941, 0, 272, 389, 358, 18, 0.62%, 41, 0, 3, 876.78
1663133946, 0, 275, 390, 358, 17, 0.63%, 41, 0, 3, 878.80
1663133951, 0, 275, 391, 359, 17, 0.63%, 41, 0, 3, 866.91
1663133961, 0, 275, 395, 363, 17, 0.63%, 42, 0, 3, 877.57
1663133971, 0, 275, 398, 366, 17, 0.63%, 42, 0, 3, 877.65
1663133976, 0, 275, 399, 367, 17, 0.63%, 42, 0, 3, 869.47
