# unix_time, cycles_done, cur_path, paths_total, pending_total, pending_favs, map_size, unique_crashes, unique_hangs, max_depth, execs_per_sec
1663143139, 0, 0, 1, 1, 1, 0.27%, 0, 0, 1, 195.12
1663143144, 0, 0, 62, 62, 1, 0.40%, 0, 0, 2, 573.18
1663143149, 0, 0, 70, 70, 1, 0.42%, 0, 0, 2, 647.88
1663143154, 0, 0, 78, 78, 1, 0.42%, 0, 0, 2, 660.55
1663143159, 0, 0, 146, 146, 1, 0.42%, 0, 0, 2, 711.14
1663143164, 0, 0, 203, 203, 1, 0.43%, 1, 0, 2, 716.19
1663143169, 0, 0, 233, 233, 1, 0.43%, 1, 0, 2, 779.75
1663143175, 0, 0, 248, 248, 1, 0.45%, 2, 0, 2, 795.34
1663143180, 0, 0, 258, 258, 1, 0.47%, 5, 0, 2, 796.83
1663143185, 0, 0, 264, 264, 1, 0.47%, 5, 0, 2, 792.91
1663143190, 0, 0, 272, 272, 1, 0.47%, 7, 0, 2, 786.17
1663143195, 0, 0, 278, 278, 1, 0.47%, 8, 0, 2, 785.54
1663143200, 0, 0, 281, 281, 1, 0.47%, 9, 0, 2, 787.21
1663143205, 0, 7, 282, 281, 31, 0.47%, 9, 0, 2, 686.91
1663143225, 0, 7, 288, 287, 31, 0.47%, 9, 0, 3, 794.81
1663143230, 0, 7, 295, 294, 31, 0.47%, 10, 0, 3, 811.39
1663143236, 0, 7, 300, 299, 31, 0.47%, 12, 0, 3, 822.15
1663143241, 0, 7, 301, 300, 31, 0.47%, 13, 0, 3, 823.52
1663143246, 0, 7, 304, 303, 31, 0.48%, 13, 0, 3, 820.71
1663143251, 0, 22, 304, 302, 32, 0.48%, 13, 0, 3, 795.67
1663143271, 0, 22, 307, 305, 32, 0.48%, 13, 0, 3, 757.82
1663143276, 0, 22, 310, 308, 32, 0.48%, 13, 0, 3, 807.50
1663143286, 0, 22, 315, 313, 32, 0.48%, 13, 0, 3, 809.65
1663143291, 0, 22, 316, 314, 32, 0.48%, 13, 0, 3, 809.29
1663143297, 0, 22, 317, 315, 32, 0.48%, 13, 0, 3, 812.93
1663143302, 0, 48, 318, 315, 32, 0.49%, 13, 0, 3, 858.03
1663143307, 0, 48, 319, 316, 32, 0.49%, 14, 0, 3, 891.33
1663143317, 0, 48, 322, 319, 32, 0.49%, 15, 0, 3, 891.34
1663143322, 0, 48, 323, 320, 32, 0.49%, 15, 0, 3, 893.26
1663143332, 0, 55, 323, 319, 35, 0.49%, 15, 0, 3, 891.91
1663143348, 0, 55, 325, 321, 35, 0.49%, 15, 0, 3, 887.59
1663143353, 0, 69, 325, 320, 34, 0.49%, 16, 0, 3, 799.46
1663143373, 0, 89, 325, 319, 33, 0.49%, 16, 0, 3, 820.56
1663143383, 0, 89, 328, 322, 33, 0.49%, 16, 0, 3, 885.69
1663143393, 0, 94, 328, 321, 32, 0.49%, 16, 0, 3, 895.45
1663143398, 0, 137, 330, 322, 31, 0.49%, 16, 0, 3, 898.05
1663143403, 0, 141, 330, 321, 30, 0.49%, 16, 0, 3, 896.50
1663143408, 0, 149, 330, 320, 29, 0.49%, 16, 0, 3, 881.86
1663143419, 0, 151, 330, 319, 28, 0.49%, 16, 0, 3, 784.19
1663143429, 0, 152, 330, 318, 27, 0.49%, 17, 0, 3, 829.78
1663143439, 0, 152, 332, 320, 27, 0.49%, 17, 0, 3, 885.61
1663143444, 0, 160, 332, 318, 25, 0.49%, 17, 0, 3, 898.39
1663143449, 0, 166, 332, 317, 24, 0.49%, 17, 0, 3, 900.52
1663143470, 0, 187, 334, 317, 22, 0.49%, 17, 0, 3, 889.14
1663143485, 0, 188, 335, 317, 21, 0.49%, 18, 0, 3, 882.60
1663143500, 0, 201, 335, 316, 20, 0.49%, 18, 0, 3, 892.15
1663143511, 0, 201, 337, 318, 20, 0.49%, 18, 0, 3, 894.03
1663143516, 0, 209, 337, 317, 19, 0.49%, 18, 0, 3, 884.60
1663143526, 0, 211, 338, 317, 18, 0.49%, 19, 0, 3, 893.17
1663143536, 0, 217, 338, 316, 17, 0.49%, 19, 0, 3, 899.48
1663143541, 0, 228, 338, 315, 16, 0.49%, 19, 0, 3, 896.13
1663143546, 0, 242, 338, 314, 15, 0.49%, 19, 0, 3, 849.70
1663143577, 0, 242, 343, 319, 15, 0.50%, 20, 0, 3, 763.87
1663143582, 0, 242, 345, 321, 15, 0.50%, 20, 0, 3, 776.71
1663143587, 0, 242, 346, 322, 15, 0.50%, 21, 0, 3, 782.72
1663143597, 0, 242, 346, 322, 15, 0.50%, 22, 0, 3, 785.06
1663143602, 0, 242, 347, 323, 15, 0.50%, 22, 0, 3, 780.74
1663143607, 0, 272, 355, 330, 16, 0.50%, 22, 0, 3, 867.95
1663143612, 0, 272, 358, 333, 16, 0.50%, 22, 0, 3, 886.10
1663143617, 0, 272, 359, 334, 16, 0.50%, 22, 0, 3, 892.60
1663143622, 0, 272, 360, 335, 16, 0.50%, 22, 0, 3, 893.11
1663143628, 0, 272, 361, 336, 16, 0.50%, 22, 0, 3, 895.58
1663143638, 0, 274, 361, 335, 16, 0.50%, 22, 0, 3, 892.78
1663143648, 0, 275, 362, 335, 16, 0.50%, 22, 0, 3, 773.78
1663143674, 0, 277, 362, 334, 15, 0.50%, 22, 0, 3, 691.56
1663143699, 0, 285, 363, 334, 14, 0.50%, 23, 0, 3, 818.08
1663143709, 0, 302, 364, 334, 13, 0.50%, 23, 0, 4, 895.64
1663143719, 0, 302, 368, 338, 13, 0.50%, 23, 0, 4, 898.78
1663143725, 0, 302, 370, 340, 13, 0.50%, 23, 0, 4, 891.85
