# unix_time, cycles_done, cur_path, paths_total, pending_total, pending_favs, map_size, unique_crashes, unique_hangs, max_depth, execs_per_sec
1662918573, 0, 0, 1, 1, 1, 0.30%, 0, 0, 1, 205.13
1662918578, 0, 0, 75, 75, 1, 0.49%, 0, 0, 2, 566.80
1662918583, 0, 0, 85, 85, 1, 0.49%, 0, 0, 2, 643.06
1662918588, 0, 0, 95, 95, 1, 0.50%, 1, 0, 2, 656.01
1662918593, 0, 0, 146, 146, 1, 0.52%, 4, 0, 2, 708.58
1662918598, 0, 0, 235, 235, 1, 0.55%, 7, 0, 2, 761.64
1662918603, 0, 0, 263, 263, 1, 0.56%, 8, 0, 2, 797.32
1662918608, 0, 0, 283, 283, 1, 0.56%, 11, 0, 2, 794.96
1662918613, 0, 0, 291, 291, 1, 0.57%, 14, 0, 2, 807.78
1662918619, 0, 0, 300, 300, 1, 0.57%, 16, 0, 2, 808.73
1662918624, 0, 0, 307, 307, 1, 0.59%, 17, 0, 2, 801.29
1662918629, 0, 0, 311, 311, 1, 0.59%, 18, 0, 2, 802.66
