# unix_time, cycles_done, cur_path, paths_total, pending_total, pending_favs, map_size, unique_crashes, unique_hangs, max_depth, execs_per_sec
1663140702, 0, 0, 1, 1, 1, 0.28%, 0, 0, 1, 186.05
1663140707, 0, 0, 62, 62, 1, 0.41%, 0, 0, 2, 567.86
1663140712, 0, 0, 70, 70, 1, 0.43%, 0, 0, 2, 643.36
1663140717, 0, 0, 78, 78, 1, 0.43%, 0, 0, 2, 658.67
1663140722, 0, 0, 143, 143, 1, 0.44%, 0, 0, 2, 715.06
1663140728, 0, 0, 214, 214, 1, 0.47%, 0, 0, 2, 758.19
1663140733, 0, 0, 248, 248, 1, 0.48%, 0, 0, 2, 802.10
1663140738, 0, 0, 264, 264, 1, 0.48%, 1, 0, 2, 804.32
1663140743, 0, 0, 272, 272, 1, 0.48%, 2, 0, 2, 813.77
1663140748, 0, 0, 277, 277, 1, 0.48%, 2, 0, 2, 809.35
1663140753, 0, 0, 283, 283, 1, 0.48%, 3, 0, 2, 811.00
1663140758, 0, 0, 286, 286, 1, 0.48%, 3, 0, 2, 803.39
1663140763, 0, 0, 290, 290, 1, 0.48%, 3, 0, 2, 811.97
1663140768, 0, 9, 291, 290, 31, 0.49%, 3, 0, 3, 705.56
1663140784, 0, 9, 293, 292, 31, 0.49%, 4, 0, 3, 711.24
1663140789, 0, 9, 301, 300, 31, 0.49%, 5, 0, 3, 793.53
1663140794, 0, 9, 305, 304, 31, 0.49%, 6, 0, 3, 808.02
1663140799, 0, 9, 309, 308, 31, 0.49%, 6, 0, 3, 807.62
1663140804, 0, 9, 313, 312, 31, 0.49%, 8, 0, 3, 810.16
1663140809, 0, 9, 316, 315, 31, 0.49%, 8, 0, 3, 817.52
1663140814, 0, 22, 317, 315, 35, 0.49%, 9, 0, 3, 771.43
1663140835, 0, 55, 317, 314, 34, 0.49%, 9, 0, 3, 775.25
1663140850, 0, 55, 318, 315, 34, 0.49%, 9, 0, 3, 875.07
1663140855, 0, 69, 318, 314, 34, 0.49%, 9, 0, 3, 721.84
1663140875, 0, 87, 318, 313, 33, 0.49%, 9, 0, 3, 841.18
1663140885, 0, 114, 318, 311, 31, 0.49%, 9, 0, 3, 879.89
1663140895, 0, 122, 319, 311, 31, 0.49%, 9, 0, 3, 808.10
1663140911, 0, 124, 319, 310, 30, 0.49%, 9, 0, 3, 840.48
1663140926, 0, 124, 322, 313, 30, 0.49%, 9, 0, 3, 877.45
1663140931, 0, 124, 325, 316, 30, 0.49%, 9, 0, 3, 879.52
1663140936, 0, 124, 326, 317, 30, 0.49%, 9, 0, 3, 877.12
1663140951, 0, 127, 326, 316, 30, 0.49%, 9, 0, 3, 876.34
1663140961, 0, 136, 326, 315, 29, 0.49%, 9, 0, 3, 876.79
1663140966, 0, 145, 326, 314, 28, 0.49%, 9, 0, 3, 885.35
1663140971, 0, 145, 326, 314, 28, 0.49%, 10, 0, 3, 873.26
1663140981, 0, 153, 326, 312, 26, 0.49%, 10, 0, 3, 883.59
1663140986, 0, 153, 327, 313, 26, 0.49%, 10, 0, 3, 855.50
1663140996, 0, 156, 342, 327, 27, 0.50%, 10, 0, 3, 861.25
1663141001, 0, 156, 347, 332, 27, 0.50%, 10, 0, 3, 877.06
1663141012, 0, 156, 348, 333, 27, 0.50%, 10, 0, 3, 876.10
1663141022, 0, 156, 349, 334, 27, 0.50%, 10, 0, 3, 884.18
1663141027, 0, 157, 349, 333, 29, 0.50%, 10, 0, 3, 745.52
1663141037, 0, 158, 349, 332, 28, 0.50%, 10, 0, 3, 781.99
1663141047, 0, 162, 349, 331, 27, 0.50%, 10, 0, 3, 875.92
1663141062, 0, 196, 349, 329, 25, 0.50%, 10, 0, 3, 883.73
1663141067, 0, 204, 349, 328, 24, 0.50%, 10, 0, 3, 883.51
1663141077, 0, 209, 349, 327, 23, 0.50%, 10, 0, 3, 884.98
1663141082, 0, 214, 349, 326, 22, 0.50%, 10, 0, 3, 887.80
1663141087, 0, 231, 349, 325, 21, 0.50%, 10, 0, 3, 879.71
1663141102, 0, 232, 350, 325, 21, 0.50%, 11, 0, 3, 858.79
1663141107, 0, 234, 351, 325, 20, 0.50%, 11, 0, 3, 879.64
1663141118, 0, 235, 353, 326, 19, 0.51%, 11, 0, 3, 802.49
1663141143, 0, 235, 355, 328, 19, 0.51%, 12, 0, 3, 747.80
1663141148, 0, 235, 357, 330, 19, 0.51%, 15, 0, 3, 774.26
1663141153, 0, 235, 358, 331, 19, 0.51%, 16, 0, 3, 777.42
1663141158, 0, 235, 360, 333, 19, 0.51%, 17, 0, 3, 774.06
1663141163, 0, 235, 360, 333, 19, 0.51%, 18, 0, 3, 781.36
1663141173, 0, 250, 360, 332, 20, 0.51%, 19, 0, 3, 841.43
1663141194, 0, 258, 360, 331, 20, 0.51%, 19, 0, 3, 754.22
1663141214, 0, 279, 361, 331, 19, 0.51%, 20, 0, 3, 840.76
1663141219, 0, 280, 361, 330, 18, 0.51%, 20, 0, 3, 877.84
1663141234, 0, 287, 361, 329, 17, 0.51%, 20, 0, 3, 878.34
1663141239, 0, 287, 362, 330, 17, 0.51%, 20, 0, 3, 879.29
1663141244, 0, 287, 363, 331, 17, 0.51%, 20, 0, 3, 882.90
1663141249, 0, 293, 363, 330, 17, 0.51%, 20, 0, 3, 882.90
1663141254, 0, 294, 364, 330, 16, 0.51%, 20, 0, 4, 887.85
1663141269, 0, 294, 366, 332, 16, 0.51%, 20, 0, 4, 884.44
1663141275, 0, 298, 366, 331, 16, 0.51%, 20, 0, 4, 875.48
1663141280, 0, 316, 366, 330, 15, 0.51%, 20, 0, 4, 881.37
1663141285, 0, 317, 366, 329, 14, 0.51%, 20, 0, 4, 874.14
