# unix_time, cycles_done, cur_path, paths_total, pending_total, pending_favs, map_size, unique_crashes, unique_hangs, max_depth, execs_per_sec
1662370209, 0, 0, 1, 1, 1, 0.31%, 0, 0, 1, 173.91
1662370214, 0, 0, 74, 74, 1, 0.51%, 0, 0, 2, 562.67
1662370219, 0, 0, 85, 85, 1, 0.52%, 1, 0, 2, 641.59
1662370225, 0, 0, 94, 94, 1, 0.52%, 1, 0, 2, 656.74
1662370230, 0, 0, 148, 148, 1, 0.53%, 2, 0, 2, 692.06
1662370235, 0, 0, 231, 231, 1, 0.57%, 5, 0, 2, 691.28
1662370240, 0, 0, 267, 267, 1, 0.58%, 9, 0, 2, 769.15
1662370245, 0, 0, 290, 290, 1, 0.58%, 11, 0, 2, 788.72
1662370250, 0, 0, 302, 302, 1, 0.58%, 15, 0, 2, 806.34
1662370255, 0, 0, 313, 313, 1, 0.58%, 17, 0, 2, 802.36
1662370260, 0, 0, 316, 316, 1, 0.59%, 18, 0, 2, 809.80
1662370265, 0, 0, 321, 321, 1, 0.59%, 18, 0, 2, 806.71
1662370270, 0, 0, 326, 326, 1, 0.59%, 18, 0, 2, 807.80
1662370275, 0, 4, 330, 329, 45, 0.59%, 19, 0, 2, 836.13
1662370286, 0, 9, 332, 330, 44, 0.61%, 19, 0, 3, 719.86
1662370291, 0, 9, 332, 330, 44, 0.61%, 20, 0, 3, 672.10
1662370301, 0, 9, 333, 331, 44, 0.61%, 20, 0, 3, 720.14
1662370306, 0, 9, 338, 336, 44, 0.62%, 20, 0, 3, 790.74
1662370311, 0, 9, 343, 341, 44, 0.62%, 21, 0, 3, 801.66
1662370316, 0, 9, 348, 346, 44, 0.63%, 22, 0, 3, 808.48
1662370321, 0, 9, 354, 352, 44, 0.63%, 22, 0, 3, 805.10
1662370326, 0, 9, 356, 354, 44, 0.63%, 22, 0, 3, 806.89
1662370331, 0, 27, 358, 355, 51, 0.63%, 25, 0, 3, 826.53
1662370347, 0, 29, 358, 354, 50, 0.63%, 25, 0, 3, 805.95
1662370367, 0, 29, 360, 356, 50, 0.63%, 26, 0, 3, 755.88
1662370372, 0, 29, 363, 359, 50, 0.63%, 26, 0, 3, 793.20
1662370377, 0, 29, 365, 361, 50, 0.63%, 26, 0, 3, 807.25
1662370382, 0, 29, 366, 362, 50, 0.63%, 27, 0, 3, 804.08
1662370388, 0, 29, 367, 363, 50, 0.63%, 27, 0, 3, 806.74
1662370393, 0, 29, 368, 364, 50, 0.63%, 28, 0, 3, 801.11
1662370398, 0, 35, 369, 364, 48, 0.63%, 28, 0, 3, 706.47
1662370418, 0, 39, 369, 363, 48, 0.63%, 28, 0, 3, 675.68
1662370438, 0, 42, 369, 362, 47, 0.63%, 28, 0, 3, 671.87
1662370454, 0, 42, 371, 364, 47, 0.64%, 31, 0, 3, 747.28
1662370459, 0, 42, 372, 365, 47, 0.64%, 32, 0, 3, 797.79
1662370469, 0, 48, 372, 364, 48, 0.64%, 32, 0, 3, 725.43
1662370490, 0, 53, 372, 363, 47, 0.64%, 32, 0, 3, 679.27
