# unix_time, cycles_done, cur_path, paths_total, pending_total, pending_favs, map_size, unique_crashes, unique_hangs, max_depth, execs_per_sec
1662919399, 0, 0, 1, 1, 1, 0.25%, 0, 0, 1, 186.05
1662919404, 0, 0, 56, 56, 1, 0.37%, 0, 0, 2, 564.80
1662919410, 0, 0, 63, 63, 1, 0.38%, 0, 0, 2, 645.95
1662919415, 0, 0, 69, 69, 1, 0.38%, 0, 0, 2, 663.26
1662919420, 0, 0, 134, 134, 1, 0.38%, 0, 0, 2, 714.73
1662919425, 0, 0, 195, 195, 1, 0.39%, 0, 0, 2, 776.53
1662919430, 0, 0, 211, 211, 1, 0.40%, 0, 0, 2, 803.65
1662919435, 0, 0, 226, 226, 1, 0.40%, 0, 0, 2, 811.52
1662919440, 0, 0, 233, 233, 1, 0.41%, 1, 0, 2, 804.62
1662919445, 0, 0, 237, 237, 1, 0.41%, 2, 0, 2, 805.69
1662919450, 0, 0, 247, 247, 1, 0.41%, 3, 0, 2, 814.60
