# unix_time, cycles_done, cur_path, paths_total, pending_total, pending_favs, map_size, unique_crashes, unique_hangs, max_depth, execs_per_sec
1662369888, 0, 0, 1, 1, 1, 0.30%, 0, 0, 1, 170.21
1662369893, 0, 0, 75, 75, 1, 0.49%, 0, 0, 2, 566.58
1662369898, 0, 0, 85, 85, 1, 0.50%, 0, 0, 2, 646.05
1662369903, 0, 0, 96, 96, 1, 0.51%, 0, 0, 2, 663.19
1662369908, 0, 0, 159, 159, 1, 0.52%, 0, 0, 2, 709.89
1662369914, 0, 0, 243, 243, 1, 0.57%, 0, 0, 2, 774.00
1662369919, 0, 0, 273, 273, 1, 0.60%, 0, 0, 2, 795.21
1662369924, 0, 0, 283, 283, 1, 0.60%, 0, 0, 2, 805.74
1662369929, 0, 0, 296, 296, 1, 0.60%, 0, 0, 2, 812.95
1662369934, 0, 0, 308, 308, 1, 0.60%, 0, 0, 2, 805.05
1662369939, 0, 0, 315, 315, 1, 0.60%, 0, 0, 2, 810.81
1662369944, 0, 0, 318, 318, 1, 0.61%, 0, 0, 2, 809.62
1662369949, 0, 0, 322, 322, 1, 0.61%, 0, 0, 2, 811.90
1662369954, 0, 5, 322, 321, 43, 0.61%, 0, 0, 2, 848.69
1662369964, 0, 24, 324, 322, 42, 0.61%, 0, 0, 3, 864.79
1662369985, 0, 24, 325, 323, 42, 0.62%, 0, 0, 3, 747.67
1662369990, 0, 24, 329, 327, 42, 0.62%, 0, 0, 3, 785.38
1662369995, 0, 24, 333, 331, 42, 0.62%, 0, 0, 3, 800.06
1662370005, 0, 24, 337, 335, 42, 0.62%, 0, 0, 3, 800.05
1662370010, 0, 24, 339, 337, 42, 0.62%, 0, 0, 3, 804.66
1662370015, 0, 29, 339, 336, 45, 0.62%, 0, 0, 3, 737.17
1662370036, 0, 29, 343, 340, 45, 0.62%, 0, 0, 3, 765.68
1662370041, 0, 29, 346, 343, 45, 0.62%, 0, 0, 3, 800.98
1662370046, 0, 29, 347, 344, 45, 0.62%, 0, 0, 3, 806.92
1662370051, 0, 29, 350, 347, 45, 0.63%, 0, 0, 3, 811.25
1662370056, 0, 29, 351, 348, 45, 0.63%, 0, 0, 3, 806.55
1662370061, 0, 29, 352, 349, 45, 0.63%, 0, 0, 3, 804.62
1662370066, 0, 66, 353, 349, 45, 0.63%, 0, 0, 3, 858.73
1662370077, 0, 66, 356, 352, 45, 0.63%, 0, 0, 3, 873.44
1662370082, 0, 66, 358, 354, 45, 0.63%, 0, 0, 3, 874.62
1662370087, 0, 66, 362, 358, 45, 0.64%, 0, 0, 3, 869.33
1662370092, 0, 66, 364, 360, 45, 0.64%, 0, 0, 3, 871.08
1662370102, 0, 66, 365, 361, 45, 0.64%, 0, 0, 3, 874.56
1662370107, 0, 66, 366, 362, 45, 0.64%, 0, 0, 3, 875.48
1662370117, 0, 73, 366, 361, 45, 0.64%, 0, 0, 3, 729.36
1662370138, 0, 75, 366, 360, 44, 0.64%, 0, 0, 3, 850.17
1662370148, 0, 85, 366, 359, 43, 0.64%, 0, 0, 3, 750.80
1662370168, 0, 97, 366, 358, 42, 0.64%, 0, 0, 3, 838.00
1662370173, 0, 108, 366, 356, 40, 0.64%, 0, 0, 3, 877.23
1662370183, 0, 151, 366, 353, 37, 0.64%, 0, 0, 3, 885.25
