# unix_time, cycles_done, cur_path, paths_total, pending_total, pending_favs, map_size, unique_crashes, unique_hangs, max_depth, execs_per_sec
1663145565, 0, 0, 1, 1, 1, 0.25%, 0, 0, 1, 173.91
1663145570, 0, 0, 56, 56, 1, 0.37%, 0, 0, 2, 566.09
1663145575, 0, 0, 63, 63, 1, 0.38%, 0, 0, 2, 646.68
1663145580, 0, 0, 69, 69, 1, 0.38%, 0, 0, 2, 663.52
1663145585, 0, 0, 142, 142, 1, 0.39%, 0, 0, 2, 724.38
1663145590, 0, 0, 184, 184, 1, 0.39%, 3, 0, 2, 770.82
1663145596, 0, 0, 208, 208, 1, 0.42%, 5, 0, 2, 792.05
1663145601, 0, 0, 224, 224, 1, 0.42%, 6, 0, 2, 799.77
1663145606, 0, 0, 235, 235, 1, 0.43%, 6, 0, 2, 804.62
1663145611, 0, 0, 246, 246, 1, 0.43%, 6, 0, 2, 809.85
1663145616, 0, 0, 253, 253, 1, 0.43%, 6, 0, 2, 808.84
1663145621, 0, 0, 259, 259, 1, 0.43%, 6, 0, 2, 808.39
1663145626, 0, 0, 261, 261, 1, 0.43%, 6, 0, 2, 805.75
1663145631, 0, 2, 262, 261, 24, 0.43%, 7, 0, 2, 694.03
1663145647, 0, 20, 262, 260, 24, 0.43%, 7, 0, 2, 715.72
1663145667, 0, 20, 263, 261, 24, 0.43%, 7, 0, 3, 741.28
1663145672, 0, 35, 263, 260, 23, 0.43%, 7, 0, 3, 696.95
1663145693, 0, 48, 263, 259, 23, 0.43%, 7, 0, 3, 845.22
1663145703, 0, 48, 265, 261, 23, 0.43%, 7, 0, 3, 871.64
1663145708, 0, 48, 271, 267, 23, 0.44%, 9, 0, 3, 873.21
1663145713, 0, 48, 274, 270, 23, 0.44%, 9, 0, 3, 873.47
1663145718, 0, 48, 276, 272, 23, 0.44%, 9, 0, 3, 872.84
1663145723, 0, 48, 279, 275, 23, 0.44%, 10, 0, 3, 869.44
1663145728, 0, 48, 282, 278, 23, 0.44%, 10, 0, 3, 868.69
1663145733, 0, 56, 283, 278, 26, 0.44%, 10, 0, 3, 737.72
1663145754, 0, 56, 285, 280, 26, 0.44%, 10, 0, 3, 786.73
1663145759, 0, 56, 286, 281, 26, 0.44%, 10, 0, 3, 807.40
1663145764, 0, 56, 288, 283, 26, 0.44%, 12, 0, 3, 808.10
1663145769, 0, 56, 289, 284, 26, 0.44%, 12, 0, 3, 800.92
1663145774, 0, 56, 291, 286, 26, 0.44%, 13, 0, 3, 811.96
1663145779, 0, 62, 291, 285, 25, 0.44%, 13, 0, 3, 784.43
1663145800, 0, 72, 291, 284, 24, 0.44%, 13, 0, 3, 773.69
1663145805, 0, 86, 291, 283, 23, 0.44%, 13, 0, 3, 859.25
1663145810, 0, 119, 291, 282, 22, 0.44%, 13, 0, 3, 737.32
1663145825, 0, 130, 292, 281, 20, 0.44%, 13, 0, 3, 857.09
1663145830, 0, 136, 292, 280, 19, 0.44%, 13, 0, 3, 867.68
1663145835, 0, 144, 293, 280, 18, 0.44%, 13, 0, 3, 872.67
1663145845, 0, 144, 295, 282, 18, 0.45%, 14, 0, 3, 867.01
1663145850, 0, 169, 295, 280, 17, 0.45%, 14, 0, 3, 881.65
1663145855, 0, 175, 295, 279, 16, 0.45%, 14, 0, 3, 877.45
1663145860, 0, 177, 295, 278, 16, 0.45%, 14, 0, 3, 879.52
1663145896, 0, 184, 296, 278, 16, 0.45%, 14, 0, 3, 875.64
1663145906, 0, 187, 296, 277, 15, 0.45%, 14, 0, 3, 877.10
1663145911, 0, 193, 296, 276, 14, 0.45%, 14, 0, 3, 749.58
1663145942, 0, 193, 299, 279, 14, 0.45%, 14, 0, 3, 740.54
1663145952, 0, 193, 300, 280, 14, 0.45%, 14, 0, 3, 767.68
1663145957, 0, 193, 301, 281, 14, 0.45%, 14, 0, 3, 764.28
1663145962, 0, 193, 302, 282, 14, 0.45%, 14, 0, 3, 769.97
1663145967, 0, 193, 305, 285, 14, 0.45%, 14, 0, 3, 770.97
1663145972, 0, 206, 305, 283, 14, 0.45%, 15, 0, 3, 837.98
1663145982, 0, 206, 305, 283, 14, 0.45%, 16, 0, 3, 877.98
1663145992, 0, 212, 305, 282, 13, 0.45%, 16, 0, 3, 710.03
1663146003, 0, 212, 306, 283, 13, 0.45%, 16, 0, 3, 658.47
1663146018, 0, 212, 309, 286, 13, 0.45%, 16, 0, 3, 694.30
1663146023, 0, 212, 310, 287, 13, 0.45%, 18, 0, 3, 748.41
1663146028, 0, 212, 310, 287, 13, 0.45%, 19, 0, 3, 761.32
1663146038, 0, 212, 312, 289, 13, 0.45%, 19, 0, 3, 761.30
1663146044, 0, 231, 312, 288, 14, 0.45%, 19, 0, 3, 822.83
1663146059, 0, 232, 312, 287, 14, 0.45%, 19, 0, 3, 803.20
1663146084, 0, 236, 313, 287, 14, 0.45%, 19, 0, 3, 754.83
1663146090, 0, 241, 313, 286, 14, 0.45%, 19, 0, 3, 860.23
1663146100, 0, 256, 315, 287, 13, 0.45%, 19, 0, 3, 814.38
1663146125, 0, 260, 315, 286, 12, 0.45%, 19, 0, 3, 770.43
1663146130, 0, 267, 317, 287, 11, 0.46%, 19, 0, 4, 854.96
1663146140, 0, 274, 317, 286, 11, 0.46%, 19, 0, 4, 878.27
1663146155, 0, 280, 317, 285, 10, 0.46%, 19, 0, 4, 875.02
1663146161, 0, 280, 319, 287, 10, 0.46%, 19, 0, 4, 873.13
