# unix_time, cycles_done, cur_path, paths_total, pending_total, pending_favs, map_size, unique_crashes, unique_hangs, max_depth, execs_per_sec
1662898154, 0, 0, 1, 1, 1, 0.30%, 0, 0, 1, 170.21
1662898160, 0, 0, 75, 75, 1, 0.49%, 0, 0, 2, 565.35
1662898165, 0, 0, 87, 87, 1, 0.51%, 0, 0, 2, 643.64
1662898170, 0, 0, 96, 96, 1, 0.51%, 0, 0, 2, 665.19
1662898175, 0, 0, 155, 155, 1, 0.54%, 0, 0, 2, 713.08
1662898180, 0, 0, 234, 234, 1, 0.56%, 0, 0, 2, 713.25
1662898185, 0, 0, 266, 266, 1, 0.57%, 0, 0, 2, 790.52
1662898190, 0, 0, 282, 282, 1, 0.58%, 0, 0, 2, 798.49
1662898196, 0, 0, 295, 295, 1, 0.58%, 0, 0, 2, 808.41
1662898201, 0, 0, 299, 299, 1, 0.58%, 0, 0, 2, 808.66
1662898206, 0, 0, 305, 305, 1, 0.58%, 0, 0, 2, 810.75
1662898211, 0, 0, 312, 312, 1, 0.59%, 0, 0, 2, 810.53
1662898216, 0, 0, 314, 314, 1, 0.59%, 0, 0, 2, 806.27
1662898221, 0, 24, 314, 313, 45, 0.59%, 0, 0, 2, 706.95
1662898236, 0, 24, 317, 316, 45, 0.59%, 0, 0, 3, 708.81
1662898242, 0, 24, 323, 322, 45, 0.59%, 0, 0, 3, 783.64
1662898247, 0, 24, 327, 326, 45, 0.59%, 0, 0, 3, 798.11
1662898252, 0, 24, 330, 329, 45, 0.59%, 0, 0, 3, 799.93
1662898257, 0, 24, 334, 333, 45, 0.60%, 0, 0, 3, 799.17
1662898262, 0, 24, 335, 334, 45, 0.60%, 0, 0, 3, 801.28
1662898267, 0, 26, 335, 333, 48, 0.60%, 0, 0, 3, 834.02
1662898283, 0, 26, 339, 337, 48, 0.60%, 0, 0, 3, 870.54
1662898288, 0, 26, 344, 342, 48, 0.60%, 0, 0, 3, 871.78
1662898293, 0, 26, 345, 343, 48, 0.60%, 0, 0, 3, 875.95
1662898303, 0, 26, 346, 344, 48, 0.60%, 0, 0, 3, 875.79
1662898308, 0, 26, 348, 346, 48, 0.60%, 0, 0, 3, 875.59
1662898313, 0, 26, 350, 348, 48, 0.62%, 0, 0, 3, 875.36
1662898318, 0, 29, 350, 347, 51, 0.62%, 0, 0, 3, 833.40
1662898338, 0, 29, 352, 349, 51, 0.62%, 0, 0, 3, 756.18
1662898344, 0, 29, 353, 350, 51, 0.62%, 0, 0, 3, 795.58
1662898349, 0, 29, 354, 351, 51, 0.63%, 0, 0, 3, 803.28
1662898354, 0, 29, 357, 354, 51, 0.63%, 0, 0, 3, 810.07
1662898364, 0, 29, 360, 357, 51, 0.63%, 0, 0, 3, 805.26
1662898369, 0, 66, 360, 356, 51, 0.63%, 0, 0, 3, 849.51
1662898384, 0, 66, 364, 360, 51, 0.63%, 0, 0, 3, 875.36
1662898389, 0, 66, 366, 362, 51, 0.63%, 0, 0, 3, 873.98
1662898394, 0, 66, 368, 364, 51, 0.63%, 0, 0, 3, 874.00
1662898400, 0, 66, 370, 366, 51, 0.64%, 0, 0, 3, 876.24
1662898405, 0, 66, 371, 367, 51, 0.64%, 0, 0, 3, 874.33
1662898410, 0, 73, 372, 367, 51, 0.64%, 0, 0, 3, 802.83
1662898430, 0, 85, 372, 366, 50, 0.64%, 0, 0, 3, 695.30
1662898450, 0, 86, 372, 365, 49, 0.64%, 0, 0, 3, 692.49
