# unix_time, cycles_done, cur_path, paths_total, pending_total, pending_favs, map_size, unique_crashes, unique_hangs, max_depth, execs_per_sec
1662917858, 0, 0, 1, 1, 1, 0.31%, 0, 0, 1, 181.82
1662917863, 0, 0, 74, 74, 1, 0.51%, 0, 0, 2, 566.02
1662917868, 0, 0, 85, 85, 1, 0.52%, 1, 0, 2, 642.55
1662917873, 0, 0, 94, 94, 1, 0.52%, 1, 0, 2, 661.99
1662917878, 0, 0, 152, 152, 1, 0.54%, 2, 0, 2, 705.74
1662917883, 0, 0, 235, 235, 1, 0.56%, 4, 0, 2, 761.14
1662917888, 0, 0, 267, 267, 1, 0.57%, 6, 0, 2, 797.67
1662917893, 0, 0, 279, 279, 1, 0.57%, 8, 0, 2, 799.99
1662917898, 0, 0, 293, 293, 1, 0.57%, 8, 0, 2, 806.19
1662917904, 0, 0, 303, 303, 1, 0.59%, 10, 0, 2, 809.05
1662917909, 0, 0, 307, 307, 1, 0.59%, 11, 0, 2, 804.15
1662917914, 0, 0, 312, 312, 1, 0.59%, 13, 0, 2, 799.66
