# unix_time, cycles_done, cur_path, paths_total, pending_total, pending_favs, map_size, unique_crashes, unique_hangs, max_depth, execs_per_sec
1662919336, 0, 0, 1, 1, 1, 0.27%, 0, 0, 1, 177.78
1662919341, 0, 0, 62, 62, 1, 0.40%, 0, 0, 2, 557.43
1662919346, 0, 0, 70, 70, 1, 0.42%, 0, 0, 2, 643.15
1662919351, 0, 0, 78, 78, 1, 0.42%, 0, 0, 2, 650.97
1662919356, 0, 0, 141, 141, 1, 0.43%, 0, 0, 2, 702.15
1662919361, 0, 0, 219, 219, 1, 0.44%, 0, 0, 2, 729.06
1662919366, 0, 0, 239, 239, 1, 0.45%, 0, 0, 2, 788.74
1662919371, 0, 0, 254, 254, 1, 0.45%, 1, 0, 2, 792.88
1662919377, 0, 0, 265, 265, 1, 0.46%, 1, 0, 2, 781.26
1662919382, 0, 0, 272, 272, 1, 0.46%, 3, 0, 2, 796.20
1662919387, 0, 0, 280, 280, 1, 0.46%, 3, 0, 2, 794.37
