# unix_time, cycles_done, cur_path, paths_total, pending_total, pending_favs, map_size, unique_crashes, unique_hangs, max_depth, execs_per_sec
1663139475, 0, 0, 1, 1, 1, 0.28%, 0, 0, 1, 200.00
1663139480, 0, 0, 62, 62, 1, 0.41%, 0, 0, 2, 571.00
1663139485, 0, 0, 70, 70, 1, 0.42%, 0, 0, 2, 641.88
1663139490, 0, 0, 78, 78, 1, 0.43%, 0, 0, 2, 649.07
1663139496, 0, 0, 144, 144, 1, 0.43%, 0, 0, 2, 712.15
1663139501, 0, 0, 220, 220, 1, 0.44%, 2, 0, 2, 732.31
1663139506, 0, 0, 248, 248, 1, 0.47%, 4, 0, 2, 789.61
1663139511, 0, 0, 265, 265, 1, 0.47%, 5, 0, 2, 799.66
1663139516, 0, 0, 274, 274, 1, 0.48%, 5, 0, 2, 805.40
1663139521, 0, 0, 284, 284, 1, 0.48%, 6, 0, 2, 801.75
1663139526, 0, 0, 290, 290, 1, 0.48%, 6, 0, 2, 804.67
1663139531, 0, 0, 297, 297, 1, 0.49%, 8, 0, 2, 810.36
1663139536, 0, 0, 299, 299, 1, 0.49%, 8, 0, 2, 808.86
1663139541, 0, 22, 300, 299, 35, 0.49%, 9, 0, 2, 707.04
1663139562, 0, 43, 301, 299, 34, 0.49%, 9, 0, 3, 719.99
1663139582, 0, 43, 305, 303, 34, 0.49%, 10, 0, 3, 764.77
1663139587, 0, 43, 308, 306, 34, 0.49%, 11, 0, 3, 796.56
1663139592, 0, 43, 312, 310, 34, 0.49%, 11, 0, 3, 807.75
1663139597, 0, 43, 315, 313, 34, 0.49%, 11, 0, 3, 807.28
1663139607, 0, 43, 317, 315, 34, 0.49%, 11, 0, 3, 800.11
1663139613, 0, 43, 318, 316, 34, 0.49%, 11, 0, 3, 806.20
1663139618, 0, 43, 319, 317, 34, 0.49%, 11, 0, 3, 803.84
1663139623, 0, 60, 320, 317, 34, 0.49%, 11, 0, 3, 856.17
1663139633, 0, 91, 320, 316, 33, 0.49%, 11, 0, 3, 882.38
1663139638, 0, 91, 321, 317, 33, 0.49%, 12, 0, 3, 881.59
1663139643, 0, 95, 321, 315, 31, 0.49%, 12, 0, 3, 886.01
1663139648, 0, 104, 321, 314, 30, 0.49%, 12, 0, 3, 883.22
1663139653, 0, 114, 322, 313, 28, 0.49%, 12, 0, 3, 879.97
1663139658, 0, 132, 322, 312, 28, 0.49%, 12, 0, 3, 880.20
1663139663, 0, 146, 323, 311, 26, 0.49%, 12, 0, 3, 805.78
1663139688, 0, 146, 328, 316, 26, 0.49%, 12, 0, 3, 715.32
1663139693, 0, 146, 330, 318, 26, 0.50%, 13, 0, 3, 759.48
1663139698, 0, 146, 332, 320, 26, 0.50%, 14, 0, 3, 772.22
1663139709, 0, 146, 333, 321, 26, 0.50%, 14, 0, 3, 770.67
1663139714, 0, 146, 335, 323, 26, 0.50%, 14, 0, 3, 775.74
1663139719, 0, 153, 335, 322, 26, 0.50%, 14, 0, 3, 796.58
1663139734, 0, 178, 335, 321, 25, 0.50%, 15, 0, 3, 879.10
1663139744, 0, 179, 335, 320, 24, 0.50%, 15, 0, 3, 881.63
1663139754, 0, 201, 335, 319, 23, 0.50%, 15, 0, 3, 885.61
1663139764, 0, 228, 340, 321, 21, 0.50%, 16, 0, 3, 883.25
1663139774, 0, 228, 343, 324, 21, 0.50%, 16, 0, 3, 880.40
1663139779, 0, 228, 344, 325, 21, 0.50%, 16, 0, 3, 877.06
1663139784, 0, 228, 345, 326, 21, 0.50%, 16, 0, 3, 879.07
1663139810, 0, 238, 346, 326, 21, 0.50%, 16, 0, 3, 881.32
1663139820, 0, 238, 348, 328, 21, 0.50%, 16, 0, 3, 881.58
1663139825, 0, 241, 352, 331, 21, 0.50%, 16, 0, 3, 881.27
1663139830, 0, 241, 357, 336, 21, 0.50%, 16, 0, 3, 877.99
1663139835, 0, 241, 359, 338, 21, 0.51%, 16, 0, 3, 882.53
1663139845, 0, 241, 362, 341, 21, 0.51%, 16, 0, 3, 874.48
1663139850, 0, 241, 363, 342, 21, 0.51%, 16, 0, 3, 879.31
1663139855, 0, 241, 366, 345, 21, 0.51%, 16, 0, 3, 879.75
1663139865, 0, 248, 366, 344, 20, 0.51%, 16, 0, 3, 869.78
1663139870, 0, 248, 366, 344, 20, 0.51%, 17, 0, 3, 874.31
1663139875, 0, 248, 367, 345, 20, 0.51%, 17, 0, 3, 878.77
1663139880, 0, 248, 369, 347, 20, 0.51%, 18, 0, 3, 872.80
1663139886, 0, 248, 370, 348, 20, 0.51%, 18, 0, 3, 874.01
1663139896, 0, 248, 371, 349, 20, 0.51%, 18, 0, 3, 871.01
1663139901, 0, 248, 372, 350, 20, 0.51%, 18, 0, 3, 872.76
1663139906, 0, 257, 372, 349, 19, 0.51%, 18, 0, 3, 875.85
1663139952, 0, 260, 372, 348, 19, 0.51%, 18, 0, 3, 878.48
1663139962, 0, 260, 373, 349, 19, 0.51%, 18, 0, 3, 864.26
1663139967, 0, 261, 373, 348, 18, 0.51%, 18, 0, 3, 881.33
1663139972, 0, 262, 373, 347, 17, 0.51%, 18, 0, 3, 885.19
1663139977, 0, 271, 373, 346, 17, 0.51%, 18, 0, 3, 879.72
1663139992, 0, 276, 373, 345, 16, 0.51%, 18, 0, 3, 880.67
1663140002, 0, 284, 373, 344, 15, 0.51%, 18, 0, 3, 766.60
1663140018, 0, 294, 373, 343, 14, 0.51%, 18, 0, 3, 849.82
1663140028, 0, 294, 375, 345, 14, 0.51%, 18, 0, 3, 871.71
1663140033, 0, 297, 375, 344, 13, 0.51%, 18, 0, 3, 872.97
1663140038, 0, 298, 375, 343, 12, 0.51%, 18, 0, 3, 867.75
1663140043, 0, 298, 375, 343, 12, 0.51%, 19, 0, 3, 877.70
1663140053, 0, 301, 375, 342, 11, 0.51%, 19, 0, 3, 714.90
