# unix_time, cycles_done, cur_path, paths_total, pending_total, pending_favs, map_size, unique_crashes, unique_hangs, max_depth, execs_per_sec
1662899729, 0, 0, 1, 1, 1, 0.30%, 0, 0, 1, 177.78
1662899734, 0, 0, 75, 75, 1, 0.49%, 0, 0, 2, 541.11
1662899739, 0, 0, 85, 85, 1, 0.49%, 0, 0, 2, 612.57
1662899744, 0, 0, 94, 94, 1, 0.50%, 1, 0, 2, 633.52
1662899749, 0, 0, 96, 96, 1, 0.50%, 1, 0, 2, 630.03
1662899754, 0, 0, 219, 219, 1, 0.55%, 6, 0, 2, 697.62
1662899759, 0, 0, 252, 252, 1, 0.57%, 7, 0, 2, 779.56
1662899764, 0, 0, 274, 274, 1, 0.57%, 9, 0, 2, 804.65
1662899769, 0, 0, 288, 288, 1, 0.58%, 10, 0, 2, 807.31
1662899774, 0, 0, 299, 299, 1, 0.58%, 13, 0, 2, 808.77
1662899780, 0, 0, 311, 311, 1, 0.58%, 14, 0, 2, 804.86
1662899785, 0, 0, 313, 313, 1, 0.58%, 15, 0, 2, 810.46
1662899790, 0, 0, 314, 314, 1, 0.58%, 16, 0, 2, 816.04
1662899795, 0, 4, 316, 315, 48, 0.58%, 16, 0, 2, 843.03
1662899805, 0, 5, 317, 315, 47, 0.58%, 16, 0, 3, 885.27
1662899815, 0, 28, 317, 314, 46, 0.58%, 17, 0, 3, 777.36
1662899825, 0, 28, 317, 314, 46, 0.58%, 18, 0, 3, 678.04
1662899836, 0, 28, 323, 320, 46, 0.58%, 18, 0, 3, 776.67
1662899841, 0, 28, 328, 325, 46, 0.61%, 20, 0, 3, 800.17
1662899846, 0, 28, 331, 328, 46, 0.61%, 22, 0, 3, 807.57
1662899856, 0, 47, 333, 329, 48, 0.61%, 22, 0, 3, 735.58
1662899866, 0, 47, 333, 329, 48, 0.61%, 23, 0, 3, 679.73
1662899877, 0, 66, 333, 328, 47, 0.61%, 23, 0, 3, 815.64
1662899882, 0, 66, 333, 328, 47, 0.61%, 24, 0, 3, 856.42
1662899892, 0, 66, 338, 333, 47, 0.61%, 25, 0, 3, 878.04
1662899897, 0, 66, 343, 338, 47, 0.61%, 27, 0, 3, 874.61
1662899902, 0, 66, 348, 343, 47, 0.61%, 28, 0, 3, 868.15
1662899907, 0, 66, 350, 345, 47, 0.62%, 28, 0, 3, 866.02
1662899912, 0, 66, 352, 347, 47, 0.62%, 28, 0, 3, 874.31
1662899917, 0, 69, 352, 346, 49, 0.62%, 28, 0, 3, 872.34
1662899932, 0, 85, 353, 346, 48, 0.62%, 28, 0, 3, 816.01
1662899953, 0, 85, 354, 347, 48, 0.62%, 28, 0, 3, 754.64
1662899958, 0, 98, 354, 345, 46, 0.62%, 28, 0, 3, 853.14
1662899968, 0, 98, 357, 348, 46, 0.62%, 28, 0, 3, 875.52
1662899978, 0, 98, 359, 350, 46, 0.62%, 28, 0, 3, 875.65
1662899983, 0, 98, 360, 351, 46, 0.62%, 28, 0, 3, 871.54
1662899988, 0, 98, 360, 351, 46, 0.62%, 30, 0, 3, 869.60
1662899998, 0, 98, 362, 353, 46, 0.62%, 31, 0, 3, 883.74
1662900003, 0, 102, 363, 353, 46, 0.62%, 31, 0, 3, 890.32
1662900014, 0, 106, 364, 353, 45, 0.62%, 32, 0, 3, 898.71
