# unix_time, cycles_done, cur_path, paths_total, pending_total, pending_favs, map_size, unique_crashes, unique_hangs, max_depth, execs_per_sec
1663131531, 0, 0, 1, 1, 1, 0.31%, 0, 0, 1, 181.82
1663131536, 0, 0, 74, 74, 1, 0.50%, 0, 0, 2, 561.15
1663131541, 0, 0, 84, 84, 1, 0.51%, 0, 0, 2, 637.99
1663131546, 0, 0, 94, 94, 1, 0.52%, 1, 0, 2, 659.40
1663131551, 0, 0, 150, 150, 1, 0.55%, 2, 0, 2, 684.98
1663131556, 0, 0, 238, 238, 1, 0.58%, 5, 0, 2, 739.30
1663131562, 0, 0, 270, 270, 1, 0.61%, 6, 0, 2, 780.80
1663131567, 0, 0, 289, 289, 1, 0.61%, 6, 0, 2, 793.45
1663131572, 0, 0, 304, 304, 1, 0.63%, 8, 0, 2, 793.08
1663131577, 0, 0, 313, 313, 1, 0.63%, 9, 0, 2, 799.85
1663131582, 0, 0, 320, 320, 1, 0.63%, 12, 0, 2, 799.13
1663131587, 0, 0, 331, 331, 1, 0.63%, 14, 0, 2, 797.98
1663131592, 0, 0, 336, 336, 1, 0.63%, 15, 0, 2, 807.29
1663131597, 0, 4, 336, 335, 49, 0.63%, 15, 0, 2, 836.54
1663131607, 0, 39, 336, 334, 48, 0.63%, 15, 0, 2, 715.48
1663131613, 0, 39, 337, 335, 48, 0.63%, 15, 0, 3, 671.33
1663131623, 0, 39, 339, 337, 48, 0.63%, 15, 0, 3, 708.84
1663131628, 0, 39, 343, 341, 48, 0.63%, 15, 0, 3, 776.47
1663131633, 0, 39, 348, 346, 48, 0.63%, 16, 0, 3, 800.84
1663131638, 0, 39, 352, 350, 48, 0.63%, 17, 0, 3, 805.24
1663131643, 0, 39, 355, 353, 48, 0.63%, 19, 0, 3, 803.05
1663131648, 0, 39, 356, 354, 48, 0.63%, 20, 0, 3, 802.57
1663131653, 0, 48, 358, 355, 46, 0.63%, 21, 0, 3, 762.71
1663131664, 0, 48, 358, 355, 46, 0.63%, 22, 0, 3, 660.35
1663131674, 0, 66, 359, 355, 45, 0.63%, 22, 0, 3, 773.82
1663131684, 0, 66, 359, 355, 45, 0.63%, 23, 0, 3, 861.08
1663131689, 0, 66, 364, 360, 45, 0.64%, 23, 0, 3, 852.05
1663131694, 0, 66, 366, 362, 45, 0.64%, 24, 0, 3, 860.05
1663131699, 0, 66, 368, 364, 45, 0.64%, 25, 0, 3, 860.29
1663131704, 0, 66, 372, 368, 45, 0.64%, 26, 0, 3, 866.97
1663131710, 0, 66, 373, 369, 45, 0.64%, 26, 0, 3, 868.91
1663131715, 0, 66, 375, 371, 45, 0.64%, 26, 0, 3, 854.48
1663131720, 0, 66, 377, 373, 45, 0.64%, 27, 0, 3, 846.88
1663131725, 0, 84, 379, 374, 46, 0.64%, 28, 0, 3, 839.24
1663131745, 0, 84, 380, 375, 46, 0.64%, 29, 0, 3, 742.91
1663131750, 0, 116, 380, 373, 45, 0.64%, 29, 0, 3, 838.94
1663131755, 0, 125, 380, 371, 43, 0.64%, 29, 0, 3, 870.29
1663131766, 0, 160, 380, 368, 40, 0.64%, 29, 0, 3, 719.04
1663131781, 0, 160, 380, 368, 40, 0.64%, 30, 0, 3, 655.74
1663131802, 0, 161, 382, 369, 39, 0.64%, 30, 0, 3, 772.34
1663131807, 0, 169, 382, 367, 37, 0.64%, 30, 0, 3, 710.58
1663131817, 0, 176, 382, 366, 36, 0.64%, 30, 0, 3, 817.85
1663131822, 0, 177, 383, 366, 35, 0.64%, 30, 0, 3, 758.97
1663131842, 0, 182, 383, 365, 35, 0.64%, 30, 0, 3, 785.20
1663131858, 0, 183, 383, 364, 34, 0.64%, 30, 0, 3, 864.23
1663131868, 0, 188, 383, 363, 33, 0.64%, 30, 0, 3, 866.65
1663131888, 0, 194, 384, 363, 33, 0.64%, 30, 0, 3, 876.65
1663131893, 0, 199, 384, 362, 32, 0.64%, 30, 0, 3, 875.49
1663131903, 0, 201, 384, 361, 31, 0.64%, 30, 0, 3, 843.15
1663131924, 0, 201, 385, 362, 31, 0.64%, 30, 0, 3, 707.99
1663131929, 0, 213, 385, 361, 32, 0.64%, 30, 0, 3, 690.89
1663131955, 0, 213, 387, 363, 32, 0.64%, 30, 0, 3, 726.98
1663131960, 0, 220, 387, 362, 31, 0.64%, 30, 0, 3, 834.20
1663131965, 0, 220, 388, 363, 31, 0.64%, 30, 0, 3, 867.03
1663131975, 0, 224, 388, 362, 30, 0.64%, 31, 0, 3, 875.88
1663132006, 0, 229, 389, 362, 30, 0.64%, 31, 0, 3, 755.65
1663132032, 0, 232, 389, 360, 29, 0.64%, 31, 0, 3, 842.99
1663132042, 0, 234, 389, 359, 28, 0.64%, 31, 0, 3, 859.21
1663132047, 0, 234, 390, 360, 28, 0.64%, 31, 0, 3, 869.11
1663132062, 0, 242, 390, 359, 29, 0.64%, 31, 0, 3, 744.72
1663132083, 0, 242, 392, 361, 29, 0.64%, 32, 0, 3, 787.47
1663132088, 0, 242, 395, 364, 29, 0.64%, 32, 0, 3, 804.74
1663132093, 0, 242, 396, 365, 29, 0.64%, 32, 0, 3, 810.74
1663132098, 0, 242, 397, 366, 29, 0.64%, 32, 0, 3, 815.62
1663132108, 0, 242, 398, 367, 29, 0.64%, 32, 0, 3, 813.24
1663132113, 0, 244, 398, 366, 30, 0.64%, 32, 0, 3, 864.74
1663132118, 0, 247, 398, 365, 29, 0.64%, 32, 0, 3, 859.92
