# unix_time, cycles_done, cur_path, paths_total, pending_total, pending_favs, map_size, unique_crashes, unique_hangs, max_depth, execs_per_sec
1662918707, 0, 0, 1, 1, 1, 0.28%, 0, 0, 1, 195.12
1662918712, 0, 0, 62, 62, 1, 0.41%, 0, 0, 2, 568.76
1662918717, 0, 0, 70, 70, 1, 0.43%, 0, 0, 2, 642.80
1662918722, 0, 0, 78, 78, 1, 0.43%, 0, 0, 2, 662.05
1662918727, 0, 0, 150, 150, 1, 0.44%, 0, 0, 2, 722.46
1662918732, 0, 0, 207, 207, 1, 0.44%, 0, 0, 2, 751.83
1662918737, 0, 0, 238, 238, 1, 0.44%, 1, 0, 2, 793.36
1662918742, 0, 0, 254, 254, 1, 0.46%, 2, 0, 2, 805.94
1662918747, 0, 0, 261, 261, 1, 0.46%, 4, 0, 2, 812.20
1662918752, 0, 0, 270, 270, 1, 0.46%, 4, 0, 2, 809.82
1662918757, 0, 0, 278, 278, 1, 0.46%, 7, 0, 2, 798.26
1662918763, 0, 0, 285, 285, 1, 0.46%, 7, 0, 2, 805.44
