# unix_time, cycles_done, cur_path, paths_total, pending_total, pending_favs, map_size, unique_crashes, unique_hangs, max_depth, execs_per_sec
1663143744, 0, 0, 1, 1, 1, 0.27%, 0, 0, 1, 210.53
1663143749, 0, 0, 63, 63, 1, 0.40%, 0, 0, 2, 571.59
1663143754, 0, 0, 71, 71, 1, 0.41%, 0, 0, 2, 645.56
1663143759, 0, 0, 79, 79, 1, 0.41%, 0, 0, 2, 665.09
1663143764, 0, 0, 141, 141, 1, 0.42%, 0, 0, 2, 719.27
1663143770, 0, 0, 212, 212, 1, 0.44%, 1, 0, 2, 743.56
1663143775, 0, 0, 235, 235, 1, 0.44%, 1, 0, 2, 801.88
1663143780, 0, 0, 247, 247, 1, 0.45%, 3, 0, 2, 811.33
1663143785, 0, 0, 257, 257, 1, 0.45%, 6, 0, 2, 813.23
1663143790, 0, 0, 264, 264, 1, 0.45%, 7, 0, 2, 814.57
1663143795, 0, 0, 267, 267, 1, 0.45%, 7, 0, 2, 818.02
1663143800, 0, 0, 271, 271, 1, 0.45%, 7, 0, 2, 821.83
1663143805, 0, 0, 276, 276, 1, 0.48%, 7, 0, 2, 815.63
1663143810, 0, 6, 276, 275, 34, 0.48%, 7, 0, 2, 703.28
1663143825, 0, 6, 277, 276, 34, 0.48%, 7, 0, 3, 734.39
1663143830, 0, 6, 282, 281, 34, 0.48%, 7, 0, 3, 793.40
1663143835, 0, 6, 283, 282, 34, 0.48%, 9, 0, 3, 813.74
1663143841, 0, 6, 285, 284, 34, 0.48%, 9, 0, 3, 814.19
1663143846, 0, 6, 286, 285, 34, 0.48%, 9, 0, 3, 819.39
1663143851, 0, 6, 291, 290, 34, 0.48%, 9, 0, 3, 816.78
1663143856, 0, 22, 291, 289, 35, 0.48%, 9, 0, 3, 747.43
1663143876, 0, 22, 297, 295, 35, 0.48%, 10, 0, 3, 769.22
1663143881, 0, 22, 299, 297, 35, 0.48%, 10, 0, 3, 798.58
1663143886, 0, 22, 300, 298, 35, 0.48%, 11, 0, 3, 805.58
1663143891, 0, 22, 305, 303, 35, 0.48%, 12, 0, 3, 806.85
1663143902, 0, 22, 308, 306, 35, 0.48%, 12, 0, 3, 808.40
1663143907, 0, 40, 309, 306, 36, 0.48%, 12, 0, 3, 707.09
1663143922, 0, 40, 310, 307, 36, 0.48%, 12, 0, 3, 752.65
1663143927, 0, 40, 312, 309, 36, 0.48%, 12, 0, 3, 811.52
1663143932, 0, 40, 313, 310, 36, 0.48%, 12, 0, 3, 815.26
1663143937, 0, 40, 314, 311, 36, 0.48%, 12, 0, 3, 816.87
1663143942, 0, 40, 316, 313, 36, 0.48%, 12, 0, 3, 818.45
1663143947, 0, 40, 319, 316, 36, 0.48%, 12, 0, 3, 818.70
1663143953, 0, 56, 320, 316, 37, 0.48%, 12, 0, 3, 863.44
1663143968, 0, 56, 323, 319, 37, 0.48%, 12, 0, 3, 875.14
1663143973, 0, 56, 325, 321, 37, 0.48%, 13, 0, 3, 870.16
1663143978, 0, 56, 326, 322, 37, 0.48%, 14, 0, 3, 876.22
1663143983, 0, 56, 327, 323, 37, 0.48%, 14, 0, 3, 878.93
1663143988, 0, 56, 327, 323, 37, 0.48%, 15, 0, 3, 883.80
1663143993, 0, 70, 328, 323, 37, 0.48%, 15, 0, 3, 806.88
1663144013, 0, 86, 328, 322, 36, 0.48%, 15, 0, 3, 809.80
1663144023, 0, 87, 328, 321, 35, 0.48%, 15, 0, 3, 889.18
1663144028, 0, 93, 328, 319, 33, 0.48%, 15, 0, 3, 878.04
1663144039, 0, 96, 328, 318, 32, 0.48%, 15, 0, 3, 747.86
1663144054, 0, 115, 328, 317, 31, 0.48%, 15, 0, 3, 725.20
1663144059, 0, 115, 328, 317, 31, 0.48%, 16, 0, 3, 852.96
1663144064, 0, 117, 328, 316, 30, 0.48%, 16, 0, 3, 880.35
1663144069, 0, 119, 328, 315, 29, 0.48%, 16, 0, 3, 890.24
1663144074, 0, 130, 328, 314, 29, 0.48%, 16, 0, 3, 890.97
1663144079, 0, 151, 328, 313, 28, 0.48%, 16, 0, 3, 888.71
1663144084, 0, 153, 328, 312, 27, 0.48%, 16, 0, 3, 774.40
1663144099, 0, 164, 330, 313, 26, 0.49%, 16, 0, 3, 840.25
1663144115, 0, 168, 330, 312, 25, 0.49%, 16, 0, 3, 890.38
1663144120, 0, 181, 330, 311, 24, 0.49%, 16, 0, 3, 892.58
1663144135, 0, 188, 332, 311, 22, 0.49%, 16, 0, 3, 888.76
1663144140, 0, 188, 335, 314, 22, 0.49%, 16, 0, 3, 892.49
1663144145, 0, 188, 336, 315, 22, 0.49%, 16, 0, 3, 893.39
1663144155, 0, 188, 337, 316, 22, 0.49%, 16, 0, 3, 887.04
1663144160, 0, 188, 339, 318, 22, 0.49%, 16, 0, 3, 884.28
1663144165, 0, 191, 339, 317, 21, 0.49%, 16, 0, 3, 751.03
1663144190, 0, 191, 340, 318, 21, 0.49%, 16, 0, 3, 710.96
1663144196, 0, 191, 342, 320, 21, 0.49%, 16, 0, 3, 763.58
1663144201, 0, 191, 344, 322, 21, 0.50%, 16, 0, 3, 772.13
1663144206, 0, 191, 345, 323, 21, 0.50%, 16, 0, 3, 770.85
1663144211, 0, 191, 346, 324, 21, 0.50%, 17, 0, 3, 776.38
1663144216, 0, 191, 347, 325, 21, 0.50%, 17, 0, 3, 771.87
1663144221, 0, 195, 348, 325, 23, 0.50%, 18, 0, 3, 787.10
1663144226, 0, 211, 348, 324, 22, 0.50%, 18, 0, 3, 866.92
1663144251, 0, 233, 348, 322, 21, 0.50%, 18, 0, 3, 890.73
1663144266, 0, 234, 350, 323, 20, 0.50%, 18, 0, 3, 890.58
1663144287, 0, 243, 350, 322, 20, 0.50%, 18, 0, 3, 881.61
1663144302, 0, 246, 350, 321, 19, 0.50%, 18, 0, 3, 887.46
1663144307, 0, 256, 351, 321, 18, 0.50%, 18, 0, 3, 888.02
1663144322, 0, 262, 351, 320, 17, 0.50%, 19, 0, 3, 888.04
1663144332, 0, 265, 352, 320, 16, 0.50%, 19, 0, 3, 885.33
