# unix_time, cycles_done, cur_path, paths_total, pending_total, pending_favs, map_size, unique_crashes, unique_hangs, max_depth, execs_per_sec
1662368972, 0, 0, 1, 1, 1, 0.30%, 0, 0, 1, 205.13
1662368977, 0, 0, 75, 75, 1, 0.49%, 0, 0, 2, 573.00
1662368982, 0, 0, 87, 87, 1, 0.51%, 0, 0, 2, 647.93
1662368987, 0, 0, 96, 96, 1, 0.51%, 0, 0, 2, 670.44
1662368992, 0, 0, 163, 163, 1, 0.54%, 0, 0, 2, 720.82
1662368997, 0, 0, 244, 244, 1, 0.56%, 0, 0, 2, 795.36
1662369002, 0, 0, 269, 269, 1, 0.57%, 0, 0, 2, 807.63
1662369007, 0, 0, 284, 284, 1, 0.57%, 0, 0, 2, 813.17
1662369013, 0, 0, 300, 300, 1, 0.58%, 0, 0, 2, 815.76
1662369018, 0, 0, 308, 308, 1, 0.58%, 0, 0, 2, 816.70
1662369023, 0, 0, 315, 315, 1, 0.59%, 0, 0, 2, 811.51
1662369028, 0, 0, 322, 322, 1, 0.59%, 0, 0, 2, 814.88
1662369033, 0, 0, 326, 326, 1, 0.59%, 0, 0, 2, 818.32
1662369038, 0, 9, 328, 327, 46, 0.61%, 0, 0, 3, 701.92
1662369053, 0, 9, 329, 328, 46, 0.61%, 0, 0, 3, 738.12
1662369058, 0, 29, 329, 327, 47, 0.61%, 0, 0, 3, 708.36
1662369079, 0, 29, 333, 331, 47, 0.62%, 0, 0, 3, 785.00
1662369084, 0, 29, 336, 334, 47, 0.62%, 0, 0, 3, 801.75
1662369089, 0, 29, 341, 339, 47, 0.62%, 0, 0, 3, 813.06
1662369094, 0, 29, 345, 343, 47, 0.62%, 0, 0, 3, 816.47
1662369099, 0, 29, 346, 344, 47, 0.62%, 0, 0, 3, 811.92
1662369104, 0, 45, 346, 343, 46, 0.62%, 0, 0, 3, 796.51
1662369124, 0, 45, 347, 344, 46, 0.62%, 0, 0, 3, 753.57
1662369130, 0, 45, 352, 349, 46, 0.62%, 0, 0, 3, 801.00
1662369135, 0, 45, 353, 350, 46, 0.62%, 0, 0, 3, 810.17
1662369140, 0, 45, 354, 351, 46, 0.62%, 0, 0, 3, 818.88
1662369145, 0, 45, 355, 352, 46, 0.62%, 0, 0, 3, 823.50
1662369155, 0, 48, 355, 351, 49, 0.62%, 0, 0, 3, 726.51
1662369171, 0, 48, 356, 352, 49, 0.62%, 0, 0, 3, 698.00
1662369176, 0, 72, 356, 351, 48, 0.62%, 0, 0, 3, 707.52
1662369196, 0, 85, 357, 351, 48, 0.62%, 0, 0, 3, 689.21
1662369216, 0, 97, 357, 350, 47, 0.62%, 0, 0, 3, 832.94
1662369226, 0, 119, 357, 349, 46, 0.62%, 0, 0, 3, 887.48
1662369231, 0, 127, 357, 348, 45, 0.62%, 0, 0, 3, 884.20
1662369237, 0, 142, 357, 345, 42, 0.62%, 0, 0, 3, 884.42
1662369252, 0, 142, 363, 351, 42, 0.63%, 0, 0, 3, 875.89
1662369257, 0, 142, 366, 354, 42, 0.63%, 0, 0, 3, 879.78
1662369267, 0, 142, 367, 355, 42, 0.63%, 0, 0, 3, 876.74
