# unix_time, cycles_done, cur_path, paths_total, pending_total, pending_favs, map_size, unique_crashes, unique_hangs, max_depth, execs_per_sec
1662896304, 0, 0, 1, 1, 1, 0.30%, 0, 0, 1, 177.78
1662896309, 0, 0, 75, 75, 1, 0.49%, 0, 0, 2, 565.54
1662896314, 0, 0, 85, 85, 1, 0.50%, 0, 0, 2, 641.15
1662896319, 0, 0, 96, 96, 1, 0.51%, 0, 0, 2, 661.40
1662896325, 0, 0, 150, 150, 1, 0.52%, 0, 0, 2, 677.87
1662896330, 0, 0, 233, 233, 1, 0.56%, 0, 0, 2, 754.54
1662896335, 0, 0, 271, 271, 1, 0.56%, 0, 0, 2, 799.42
1662896340, 0, 0, 287, 287, 1, 0.59%, 0, 0, 2, 806.45
1662896345, 0, 0, 301, 301, 1, 0.59%, 0, 0, 2, 802.07
1662896350, 0, 0, 308, 308, 1, 0.60%, 0, 0, 2, 803.64
1662896355, 0, 0, 313, 313, 1, 0.60%, 0, 0, 2, 802.84
1662896360, 0, 0, 319, 319, 1, 0.60%, 0, 0, 2, 810.57
1662896365, 0, 0, 328, 328, 1, 0.61%, 0, 0, 2, 805.37
1662896370, 0, 5, 334, 333, 49, 0.62%, 0, 0, 2, 838.94
1662896380, 0, 5, 337, 336, 49, 0.62%, 0, 0, 3, 875.11
1662896386, 0, 5, 338, 337, 49, 0.62%, 0, 0, 3, 877.80
1662896391, 0, 5, 342, 341, 49, 0.62%, 0, 0, 3, 872.51
1662896396, 0, 5, 344, 343, 49, 0.62%, 0, 0, 3, 877.43
1662896401, 0, 5, 347, 346, 49, 0.62%, 0, 0, 3, 870.07
1662896411, 0, 24, 347, 345, 50, 0.62%, 0, 0, 3, 705.89
1662896426, 0, 24, 348, 346, 50, 0.62%, 0, 0, 3, 727.88
1662896432, 0, 24, 352, 350, 50, 0.62%, 0, 0, 3, 780.56
1662896437, 0, 24, 353, 351, 50, 0.62%, 0, 0, 3, 795.31
1662896442, 0, 24, 354, 352, 50, 0.62%, 0, 0, 3, 791.21
1662896447, 0, 24, 355, 353, 50, 0.62%, 0, 0, 3, 793.25
1662896457, 0, 29, 356, 353, 50, 0.62%, 0, 0, 3, 727.45
1662896478, 0, 48, 357, 353, 49, 0.62%, 0, 0, 3, 755.80
1662896498, 0, 85, 357, 352, 48, 0.62%, 0, 0, 3, 696.66
1662896519, 0, 108, 357, 350, 46, 0.62%, 0, 0, 3, 777.48
1662896529, 0, 115, 357, 349, 45, 0.62%, 0, 0, 3, 864.39
1662896534, 0, 118, 357, 348, 44, 0.62%, 0, 0, 3, 876.76
1662896544, 0, 120, 357, 347, 43, 0.62%, 0, 0, 3, 872.12
1662896554, 0, 122, 357, 346, 42, 0.62%, 0, 0, 3, 877.51
1662896559, 0, 126, 359, 347, 41, 0.63%, 0, 0, 3, 867.27
1662896574, 0, 126, 368, 356, 41, 0.63%, 0, 0, 3, 863.89
1662896579, 0, 126, 377, 365, 41, 0.63%, 0, 0, 3, 866.18
1662896585, 0, 126, 379, 367, 41, 0.63%, 0, 0, 3, 864.55
1662896590, 0, 126, 380, 368, 41, 0.64%, 0, 0, 3, 863.84
1662896595, 0, 126, 381, 369, 41, 0.64%, 0, 0, 3, 867.81
1662896600, 0, 133, 381, 368, 42, 0.64%, 0, 0, 3, 855.72
