# unix_time, cycles_done, cur_path, paths_total, pending_total, pending_favs, map_size, unique_crashes, unique_hangs, max_depth, execs_per_sec
1662917497, 0, 0, 1, 1, 1, 0.30%, 0, 0, 1, 195.12
1662917502, 0, 0, 75, 75, 1, 0.49%, 0, 0, 2, 568.35
1662917507, 0, 0, 85, 85, 1, 0.49%, 0, 0, 2, 644.45
1662917512, 0, 0, 96, 96, 1, 0.51%, 0, 0, 2, 668.21
1662917517, 0, 0, 153, 153, 1, 0.52%, 0, 0, 2, 713.60
1662917522, 0, 0, 252, 252, 1, 0.55%, 0, 0, 2, 775.18
1662917527, 0, 0, 279, 279, 1, 0.56%, 0, 0, 2, 806.23
1662917532, 0, 0, 293, 293, 1, 0.56%, 0, 0, 2, 814.71
1662917538, 0, 0, 301, 301, 1, 0.58%, 0, 0, 2, 812.00
1662917543, 0, 0, 307, 307, 1, 0.58%, 0, 0, 2, 812.62
1662917548, 0, 0, 313, 313, 1, 0.58%, 0, 0, 2, 808.89
1662917553, 0, 0, 319, 319, 1, 0.59%, 0, 0, 2, 813.74
