# unix_time, cycles_done, cur_path, paths_total, pending_total, pending_favs, map_size, unique_crashes, unique_hangs, max_depth, execs_per_sec
1663126650, 0, 0, 1, 1, 1, 0.30%, 0, 0, 1, 200.00
1663126655, 0, 0, 76, 76, 1, 0.49%, 0, 0, 2, 582.08
1663126660, 0, 0, 87, 87, 1, 0.51%, 0, 0, 2, 652.63
1663126665, 0, 0, 96, 96, 1, 0.51%, 0, 0, 2, 672.64
1663126670, 0, 0, 167, 167, 1, 0.52%, 0, 0, 2, 719.60
1663126676, 0, 0, 245, 245, 1, 0.56%, 0, 0, 2, 773.65
1663126681, 0, 0, 272, 272, 1, 0.57%, 0, 0, 2, 811.79
1663126686, 0, 0, 288, 288, 1, 0.57%, 0, 0, 2, 817.38
1663126691, 0, 0, 303, 303, 1, 0.57%, 0, 0, 2, 819.62
1663126696, 0, 0, 311, 311, 1, 0.58%, 0, 0, 2, 818.75
1663126701, 0, 0, 317, 317, 1, 0.58%, 0, 0, 2, 817.98
1663126706, 0, 0, 321, 321, 1, 0.58%, 0, 0, 2, 819.79
1663126711, 0, 0, 323, 323, 1, 0.58%, 0, 0, 2, 817.45
1663126716, 0, 4, 324, 323, 49, 0.58%, 0, 0, 2, 875.15
1663126721, 0, 5, 324, 322, 48, 0.58%, 0, 0, 2, 894.80
1663126732, 0, 24, 324, 321, 47, 0.58%, 0, 0, 2, 856.14
1663126742, 0, 24, 325, 322, 47, 0.58%, 0, 0, 3, 676.76
1663126752, 0, 26, 325, 321, 47, 0.58%, 0, 0, 3, 781.33
1663126767, 0, 29, 326, 321, 47, 0.58%, 0, 0, 3, 868.18
1663126787, 0, 39, 326, 320, 46, 0.58%, 0, 0, 3, 733.72
1663126797, 0, 39, 327, 321, 46, 0.61%, 0, 0, 3, 667.81
1663126808, 0, 39, 331, 325, 46, 0.61%, 0, 0, 3, 768.17
1663126813, 0, 39, 332, 326, 46, 0.61%, 0, 0, 3, 811.02
1663126818, 0, 39, 339, 333, 46, 0.61%, 0, 0, 3, 816.74
1663126823, 0, 39, 342, 336, 46, 0.61%, 0, 0, 3, 821.40
1663126828, 0, 39, 346, 340, 46, 0.61%, 0, 0, 3, 820.50
1663126833, 0, 39, 349, 343, 46, 0.61%, 0, 0, 3, 815.48
1663126838, 0, 48, 349, 342, 49, 0.61%, 0, 0, 3, 726.48
1663126858, 0, 50, 349, 341, 48, 0.61%, 0, 0, 3, 690.67
1663126873, 0, 63, 349, 340, 48, 0.61%, 0, 0, 3, 727.32
1663126894, 0, 66, 349, 339, 48, 0.61%, 0, 0, 3, 776.43
1663126899, 0, 66, 350, 340, 48, 0.61%, 0, 0, 3, 864.79
1663126909, 0, 66, 354, 344, 48, 0.61%, 0, 0, 3, 880.13
1663126914, 0, 66, 359, 349, 48, 0.62%, 0, 0, 3, 884.37
1663126919, 0, 66, 362, 352, 48, 0.62%, 0, 0, 3, 882.40
1663126924, 0, 66, 363, 353, 48, 0.62%, 0, 0, 3, 886.17
1663126929, 0, 66, 364, 354, 48, 0.63%, 0, 0, 3, 887.54
1663126939, 0, 76, 364, 353, 50, 0.63%, 0, 0, 3, 723.02
1663126954, 0, 85, 364, 352, 49, 0.63%, 0, 0, 3, 745.71
1663126975, 0, 86, 364, 351, 48, 0.63%, 0, 0, 3, 730.99
1663126995, 0, 114, 364, 349, 46, 0.63%, 0, 0, 3, 793.56
1663127000, 0, 114, 366, 351, 46, 0.63%, 0, 0, 3, 873.97
1663127005, 0, 114, 368, 353, 46, 0.63%, 0, 0, 3, 896.43
1663127010, 0, 132, 368, 351, 46, 0.63%, 0, 0, 3, 833.75
1663127020, 0, 136, 369, 351, 45, 0.63%, 0, 0, 3, 785.18
1663127036, 0, 152, 369, 348, 42, 0.63%, 0, 0, 3, 897.43
1663127041, 0, 157, 369, 347, 41, 0.63%, 0, 0, 3, 898.30
1663127046, 0, 167, 369, 345, 39, 0.63%, 0, 0, 3, 899.84
1663127051, 0, 170, 369, 344, 38, 0.63%, 0, 0, 3, 831.78
1663127071, 0, 182, 369, 343, 37, 0.63%, 0, 0, 3, 756.29
1663127081, 0, 188, 369, 342, 36, 0.63%, 0, 0, 3, 872.44
1663127087, 0, 192, 369, 341, 35, 0.63%, 0, 0, 3, 898.18
1663127097, 0, 213, 369, 340, 34, 0.63%, 0, 0, 3, 893.25
1663127102, 0, 220, 369, 339, 33, 0.63%, 0, 0, 3, 889.80
1663127107, 0, 236, 369, 337, 31, 0.63%, 0, 0, 3, 897.33
1663127122, 0, 252, 370, 336, 29, 0.63%, 0, 0, 3, 887.76
1663127133, 0, 264, 370, 335, 28, 0.63%, 0, 0, 3, 898.54
1663127138, 0, 278, 371, 335, 27, 0.63%, 0, 0, 3, 889.70
1663127148, 0, 282, 371, 333, 26, 0.63%, 0, 0, 3, 875.97
1663127163, 0, 282, 374, 336, 26, 0.63%, 0, 0, 3, 883.76
1663127168, 0, 282, 375, 337, 26, 0.63%, 0, 0, 3, 890.26
1663127178, 0, 284, 376, 337, 26, 0.64%, 0, 0, 3, 854.04
1663127209, 0, 284, 378, 339, 26, 0.65%, 0, 0, 3, 742.63
1663127214, 0, 284, 382, 343, 26, 0.65%, 0, 0, 3, 769.15
1663127224, 0, 284, 384, 345, 26, 0.65%, 0, 0, 3, 768.87
1663127229, 0, 284, 385, 346, 26, 0.65%, 0, 0, 3, 773.18
1663127239, 0, 285, 385, 345, 28, 0.65%, 0, 0, 3, 841.89
1663127244, 0, 293, 385, 344, 27, 0.65%, 0, 0, 3, 878.35
