# unix_time, cycles_done, cur_path, paths_total, pending_total, pending_favs, map_size, unique_crashes, unique_hangs, max_depth, execs_per_sec
1663133991, 0, 0, 1, 1, 1, 0.30%, 0, 0, 1, 186.05
1663133996, 0, 0, 75, 75, 1, 0.49%, 0, 0, 2, 565.34
1663134002, 0, 0, 86, 86, 1, 0.50%, 1, 0, 2, 637.91
1663134007, 0, 0, 95, 95, 1, 0.50%, 1, 0, 2, 656.25
1663134012, 0, 0, 157, 157, 1, 0.52%, 3, 0, 2, 687.35
1663134017, 0, 0, 234, 234, 1, 0.55%, 5, 0, 2, 717.61
1663134022, 0, 0, 261, 261, 1, 0.56%, 7, 0, 2, 783.11
1663134027, 0, 0, 277, 277, 1, 0.57%, 11, 0, 2, 805.96
1663134032, 0, 0, 286, 286, 1, 0.57%, 12, 0, 2, 803.58
1663134038, 0, 0, 296, 296, 1, 0.57%, 14, 0, 2, 795.08
1663134043, 0, 0, 305, 305, 1, 0.57%, 14, 0, 2, 803.83
1663134048, 0, 0, 313, 313, 1, 0.57%, 17, 0, 2, 806.05
1663134053, 0, 0, 319, 319, 1, 0.58%, 17, 0, 2, 808.53
1663134058, 0, 4, 320, 319, 50, 0.58%, 17, 0, 2, 847.85
1663134068, 0, 24, 320, 318, 49, 0.58%, 17, 0, 2, 709.67
1663134073, 0, 24, 320, 318, 49, 0.58%, 18, 0, 2, 669.94
1663134083, 0, 24, 321, 319, 49, 0.58%, 18, 0, 3, 720.49
1663134088, 0, 28, 321, 318, 48, 0.58%, 18, 0, 3, 697.14
1663134099, 0, 28, 321, 318, 48, 0.58%, 19, 0, 3, 669.56
1663134109, 0, 28, 325, 322, 48, 0.58%, 21, 0, 3, 778.89
1663134114, 0, 28, 329, 326, 48, 0.60%, 21, 0, 3, 787.34
1663134119, 0, 28, 334, 331, 48, 0.60%, 22, 0, 3, 799.59
1663134124, 0, 28, 336, 333, 48, 0.60%, 22, 0, 3, 799.45
1663134129, 0, 28, 339, 336, 48, 0.60%, 22, 0, 3, 804.46
1663134134, 0, 28, 340, 337, 48, 0.60%, 23, 0, 3, 800.14
1663134139, 0, 56, 343, 339, 47, 0.60%, 23, 0, 3, 859.46
1663134150, 0, 56, 344, 340, 47, 0.60%, 24, 0, 3, 874.69
1663134155, 0, 56, 348, 344, 47, 0.61%, 25, 0, 3, 872.41
1663134160, 0, 56, 351, 347, 47, 0.61%, 26, 0, 3, 868.58
1663134165, 0, 56, 357, 353, 47, 0.61%, 26, 0, 3, 867.30
1663134175, 0, 56, 361, 357, 47, 0.61%, 26, 0, 3, 876.23
1663134180, 0, 56, 363, 359, 47, 0.61%, 26, 0, 3, 868.52
1663134190, 0, 62, 363, 358, 51, 0.61%, 26, 0, 3, 713.52
1663134206, 0, 66, 363, 357, 50, 0.61%, 26, 0, 3, 713.29
1663134216, 0, 66, 363, 357, 50, 0.61%, 27, 0, 3, 871.35
1663134221, 0, 66, 364, 358, 50, 0.61%, 28, 0, 3, 877.23
1663134226, 0, 66, 365, 359, 50, 0.61%, 28, 0, 3, 869.99
1663134231, 0, 73, 365, 358, 49, 0.61%, 28, 0, 3, 711.56
1663134246, 0, 82, 365, 357, 48, 0.61%, 28, 0, 3, 703.15
1663134267, 0, 85, 365, 356, 48, 0.61%, 28, 0, 3, 707.95
1663134287, 0, 110, 365, 354, 46, 0.61%, 28, 0, 3, 790.32
1663134297, 0, 123, 365, 352, 45, 0.61%, 28, 0, 3, 877.41
1663134307, 0, 144, 365, 351, 44, 0.61%, 28, 0, 3, 875.86
1663134312, 0, 147, 365, 350, 43, 0.61%, 28, 0, 3, 878.23
1663134333, 0, 156, 365, 349, 42, 0.61%, 28, 0, 3, 881.91
1663134343, 0, 159, 365, 348, 41, 0.61%, 28, 0, 3, 718.08
1663134353, 0, 159, 368, 351, 41, 0.61%, 28, 0, 3, 788.91
1663134363, 0, 159, 368, 351, 41, 0.61%, 29, 0, 3, 811.73
1663134368, 0, 162, 368, 349, 40, 0.61%, 29, 0, 3, 866.81
1663134373, 0, 170, 368, 348, 39, 0.61%, 29, 0, 3, 878.88
1663134378, 0, 170, 368, 348, 39, 0.61%, 30, 0, 3, 879.84
1663134383, 0, 185, 370, 349, 38, 0.61%, 30, 0, 3, 880.25
1663134388, 0, 185, 374, 353, 38, 0.61%, 30, 0, 3, 875.16
1663134394, 0, 185, 376, 355, 38, 0.61%, 30, 0, 3, 876.58
1663134399, 0, 185, 378, 357, 38, 0.61%, 30, 0, 3, 879.14
1663134404, 0, 185, 380, 359, 38, 0.61%, 30, 0, 3, 878.25
1663134409, 0, 185, 382, 361, 38, 0.61%, 30, 0, 3, 873.66
1663134414, 0, 185, 384, 363, 38, 0.62%, 30, 0, 3, 874.69
1663134424, 0, 192, 385, 363, 38, 0.62%, 30, 0, 3, 872.57
1663134434, 0, 198, 386, 363, 37, 0.62%, 30, 0, 3, 871.91
1663134444, 0, 198, 389, 366, 37, 0.62%, 30, 0, 3, 875.69
1663134454, 0, 200, 389, 365, 37, 0.62%, 30, 0, 3, 875.06
1663134469, 0, 211, 389, 364, 36, 0.62%, 30, 0, 3, 876.54
1663134474, 0, 211, 389, 364, 36, 0.62%, 31, 0, 3, 883.06
1663134485, 0, 227, 389, 363, 35, 0.62%, 31, 0, 3, 880.23
1663134490, 0, 232, 389, 362, 34, 0.62%, 31, 0, 3, 823.72
1663134510, 0, 240, 389, 361, 33, 0.62%, 31, 0, 3, 800.95
1663134515, 0, 255, 389, 359, 31, 0.62%, 31, 0, 3, 862.56
1663134530, 0, 256, 389, 358, 30, 0.62%, 31, 0, 3, 875.29
1663134540, 0, 258, 389, 357, 29, 0.62%, 31, 0, 3, 880.46
1663134550, 0, 265, 391, 358, 28, 0.62%, 31, 0, 3, 881.07
1663134555, 0, 265, 391, 358, 28, 0.62%, 32, 0, 3, 881.05
1663134560, 0, 265, 397, 364, 28, 0.62%, 32, 0, 3, 876.41
1663134576, 0, 265, 398, 365, 28, 0.62%, 32, 0, 3, 873.94
1663134581, 0, 265, 398, 365, 28, 0.62%, 33, 0, 3, 877.32
1663134586, 0, 270, 398, 364, 29, 0.62%, 33, 0, 3, 878.65
