# unix_time, cycles_done, cur_path, paths_total, pending_total, pending_favs, map_size, unique_crashes, unique_hangs, max_depth, execs_per_sec
1663140085, 0, 0, 1, 1, 1, 0.28%, 0, 0, 1, 170.21
1663140090, 0, 0, 62, 62, 1, 0.41%, 0, 0, 2, 562.61
1663140095, 0, 0, 70, 70, 1, 0.42%, 0, 0, 2, 640.48
1663140100, 0, 0, 78, 78, 1, 0.43%, 0, 0, 2, 661.48
1663140105, 0, 0, 143, 143, 1, 0.43%, 0, 0, 2, 686.75
1663140110, 0, 0, 206, 206, 1, 0.44%, 0, 0, 2, 717.88
1663140115, 0, 0, 236, 236, 1, 0.45%, 1, 0, 2, 790.06
1663140120, 0, 0, 256, 256, 1, 0.47%, 2, 0, 2, 803.70
1663140125, 0, 0, 269, 269, 1, 0.47%, 2, 0, 2, 802.90
1663140130, 0, 0, 273, 273, 1, 0.47%, 2, 0, 2, 801.12
1663140135, 0, 0, 279, 279, 1, 0.47%, 3, 0, 2, 798.40
1663140141, 0, 0, 286, 286, 1, 0.47%, 4, 0, 2, 802.59
1663140146, 0, 0, 292, 292, 1, 0.48%, 6, 0, 2, 801.95
1663140151, 0, 25, 294, 293, 30, 0.48%, 6, 0, 2, 838.64
1663140156, 0, 25, 294, 293, 30, 0.48%, 7, 0, 2, 865.36
1663140166, 0, 25, 296, 295, 30, 0.48%, 7, 0, 3, 869.05
1663140171, 0, 25, 299, 298, 30, 0.48%, 9, 0, 3, 872.33
1663140176, 0, 25, 302, 301, 30, 0.48%, 10, 0, 3, 861.90
1663140181, 0, 25, 305, 304, 30, 0.48%, 10, 0, 3, 857.27
1663140186, 0, 25, 308, 307, 30, 0.48%, 10, 0, 3, 857.00
1663140191, 0, 25, 311, 310, 30, 0.49%, 11, 0, 3, 865.02
1663140197, 0, 25, 312, 311, 30, 0.49%, 11, 0, 3, 868.76
1663140202, 0, 55, 313, 311, 30, 0.49%, 11, 0, 3, 868.52
1663140217, 0, 55, 314, 312, 30, 0.49%, 11, 0, 3, 868.36
1663140222, 0, 55, 317, 315, 30, 0.49%, 11, 0, 3, 861.69
1663140227, 0, 55, 319, 317, 30, 0.49%, 12, 0, 3, 862.87
1663140232, 0, 55, 319, 317, 30, 0.49%, 13, 0, 3, 860.26
1663140237, 0, 55, 321, 319, 30, 0.49%, 14, 0, 3, 856.24
1663140243, 0, 61, 322, 319, 30, 0.49%, 14, 0, 3, 865.64
1663140258, 0, 69, 322, 318, 29, 0.49%, 14, 0, 3, 734.05
1663140273, 0, 69, 323, 319, 29, 0.49%, 14, 0, 3, 692.49
1663140278, 0, 69, 324, 320, 29, 0.49%, 14, 0, 3, 783.66
1663140283, 0, 79, 328, 323, 28, 0.49%, 14, 0, 3, 835.58
1663140289, 0, 107, 329, 321, 25, 0.49%, 14, 0, 3, 862.54
1663140299, 0, 123, 330, 320, 23, 0.49%, 14, 0, 3, 812.22
1663140319, 0, 178, 330, 319, 22, 0.49%, 16, 0, 3, 844.23
1663140329, 0, 184, 330, 318, 21, 0.49%, 16, 0, 3, 874.88
1663140339, 0, 185, 330, 317, 20, 0.49%, 16, 0, 3, 875.27
1663140344, 0, 185, 331, 318, 20, 0.49%, 16, 0, 3, 876.00
1663140350, 0, 192, 332, 318, 19, 0.49%, 16, 0, 3, 876.22
1663140355, 0, 209, 333, 317, 17, 0.49%, 16, 0, 3, 876.01
1663140360, 0, 209, 334, 318, 17, 0.49%, 16, 0, 3, 878.75
1663140365, 0, 216, 336, 319, 16, 0.50%, 16, 0, 3, 721.44
1663140390, 0, 216, 342, 325, 16, 0.51%, 17, 0, 3, 728.44
1663140395, 0, 216, 343, 326, 16, 0.51%, 19, 0, 3, 760.11
1663140400, 0, 216, 344, 327, 16, 0.51%, 19, 0, 3, 760.08
1663140406, 0, 216, 347, 330, 16, 0.51%, 19, 0, 3, 765.63
1663140411, 0, 216, 350, 333, 16, 0.51%, 19, 0, 3, 770.53
1663140421, 0, 216, 350, 333, 16, 0.51%, 20, 0, 3, 759.96
1663140426, 0, 216, 351, 334, 16, 0.51%, 20, 0, 3, 769.67
1663140431, 0, 223, 351, 333, 18, 0.51%, 20, 0, 3, 804.85
1663140441, 0, 223, 352, 334, 18, 0.51%, 20, 0, 3, 867.85
1663140446, 0, 232, 352, 333, 18, 0.51%, 20, 0, 3, 867.72
1663140466, 0, 239, 352, 332, 17, 0.51%, 20, 0, 3, 873.77
1663140471, 0, 247, 352, 331, 16, 0.51%, 20, 0, 3, 872.27
1663140487, 0, 249, 352, 330, 16, 0.51%, 20, 0, 3, 871.38
1663140502, 0, 249, 354, 332, 16, 0.51%, 20, 0, 3, 865.05
1663140507, 0, 249, 357, 335, 16, 0.51%, 20, 0, 3, 856.44
1663140512, 0, 249, 358, 336, 16, 0.51%, 20, 0, 3, 852.77
1663140533, 0, 249, 360, 338, 16, 0.51%, 20, 0, 3, 852.72
1663140543, 0, 252, 365, 342, 16, 0.51%, 20, 0, 3, 870.67
1663140548, 0, 252, 366, 343, 16, 0.51%, 20, 0, 3, 869.39
1663140558, 0, 252, 371, 348, 16, 0.51%, 20, 0, 3, 867.26
1663140563, 0, 252, 384, 361, 16, 0.51%, 20, 0, 3, 865.08
1663140573, 0, 252, 386, 363, 16, 0.51%, 20, 0, 3, 867.97
1663140594, 0, 252, 388, 365, 16, 0.51%, 20, 0, 3, 868.60
1663140599, 0, 267, 389, 365, 20, 0.51%, 20, 0, 3, 866.36
1663140614, 0, 267, 391, 367, 20, 0.51%, 20, 0, 3, 858.80
1663140619, 0, 270, 391, 366, 19, 0.51%, 20, 0, 3, 869.62
1663140629, 0, 280, 392, 366, 18, 0.51%, 20, 0, 3, 798.21
1663140644, 0, 308, 392, 364, 16, 0.51%, 20, 0, 3, 848.95
1663140649, 0, 326, 392, 362, 14, 0.51%, 20, 0, 3, 871.39
1663140655, 0, 335, 393, 362, 15, 0.52%, 20, 0, 4, 822.02
1663140680, 0, 341, 393, 361, 14, 0.52%, 21, 0, 4, 709.82
