# unix_time, cycles_done, cur_path, paths_total, pending_total, pending_favs, map_size, unique_crashes, unique_hangs, max_depth, execs_per_sec
1662918157, 0, 0, 1, 1, 1, 0.29%, 0, 0, 1, 170.21
1662918162, 0, 0, 75, 75, 1, 0.49%, 0, 0, 2, 549.90
1662918167, 0, 0, 85, 85, 1, 0.49%, 0, 0, 2, 642.41
1662918172, 0, 0, 95, 95, 1, 0.50%, 1, 0, 2, 663.86
1662918177, 0, 0, 146, 146, 1, 0.51%, 1, 0, 2, 702.81
1662918182, 0, 0, 238, 238, 1, 0.56%, 6, 0, 2, 749.74
1662918188, 0, 0, 270, 270, 1, 0.56%, 10, 0, 2, 787.03
1662918193, 0, 0, 287, 287, 1, 0.57%, 14, 0, 2, 802.52
1662918198, 0, 0, 301, 301, 1, 0.58%, 15, 0, 2, 806.36
1662918203, 0, 0, 310, 310, 1, 0.58%, 16, 0, 2, 799.96
1662918208, 0, 0, 317, 317, 1, 0.59%, 18, 0, 2, 801.00
1662918213, 0, 0, 321, 321, 1, 0.59%, 19, 0, 2, 810.12
