# unix_time, cycles_done, cur_path, paths_total, pending_total, pending_favs, map_size, unique_crashes, unique_hangs, max_depth, execs_per_sec
1663238641, 0, 0, 1, 1, 1, 0.28%, 0, 0, 1, 216.22
1663238647, 0, 0, 62, 62, 1, 0.41%, 0, 0, 2, 577.64
1663238652, 0, 0, 70, 70, 1, 0.42%, 0, 0, 2, 654.05
1663238657, 0, 0, 78, 78, 1, 0.42%, 0, 0, 2, 671.35
1663238662, 0, 0, 159, 159, 1, 0.44%, 0, 0, 2, 740.91
1663238667, 0, 0, 212, 212, 1, 0.44%, 0, 0, 2, 801.47
1663238672, 0, 0, 245, 245, 1, 0.45%, 2, 0, 2, 814.79
1663238677, 0, 0, 259, 259, 1, 0.45%, 2, 0, 2, 815.07
1663238682, 0, 0, 269, 269, 1, 0.45%, 5, 0, 2, 818.42
1663238687, 0, 0, 275, 275, 1, 0.45%, 5, 0, 2, 809.76
1663238692, 0, 0, 285, 285, 1, 0.45%, 5, 0, 2, 813.45
1663238697, 0, 0, 291, 291, 1, 0.45%, 5, 0, 2, 818.82
1663238703, 0, 18, 294, 293, 37, 0.45%, 6, 0, 2, 797.13
1663238723, 0, 18, 296, 295, 37, 0.45%, 7, 0, 3, 762.50
1663238728, 0, 18, 300, 299, 37, 0.45%, 8, 0, 3, 814.24
1663238733, 0, 18, 301, 300, 37, 0.45%, 9, 0, 3, 814.04
1663238738, 0, 18, 305, 304, 37, 0.45%, 9, 0, 3, 819.81
1663238743, 0, 18, 307, 306, 37, 0.45%, 10, 0, 3, 820.19
1663238748, 0, 18, 307, 306, 37, 0.45%, 11, 0, 3, 827.17
1663238753, 0, 22, 307, 305, 36, 0.45%, 11, 0, 3, 734.40
1663238774, 0, 22, 312, 310, 36, 0.48%, 13, 0, 3, 782.76
1663238779, 0, 22, 313, 311, 36, 0.48%, 13, 0, 3, 808.14
1663238789, 0, 22, 314, 312, 36, 0.48%, 13, 0, 3, 798.31
1663238794, 0, 22, 317, 315, 36, 0.49%, 13, 0, 3, 806.12
1663238799, 0, 55, 317, 314, 34, 0.49%, 13, 0, 3, 812.26
1663238814, 0, 55, 320, 317, 34, 0.49%, 13, 0, 3, 874.77
1663238819, 0, 55, 323, 320, 34, 0.49%, 14, 0, 3, 885.64
1663238824, 0, 55, 324, 321, 34, 0.49%, 15, 0, 3, 881.66
1663238829, 0, 55, 325, 322, 34, 0.49%, 15, 0, 3, 879.08
1663238834, 0, 55, 325, 322, 34, 0.49%, 17, 0, 3, 884.93
1663238845, 0, 57, 325, 321, 35, 0.49%, 17, 0, 3, 884.45
1663238855, 0, 57, 326, 322, 35, 0.49%, 17, 0, 3, 887.98
1663238860, 0, 69, 327, 322, 35, 0.49%, 17, 0, 3, 826.79
1663238880, 0, 114, 327, 319, 32, 0.49%, 17, 0, 3, 759.08
1663238895, 0, 117, 327, 318, 31, 0.49%, 17, 0, 3, 797.54
1663238906, 0, 118, 328, 318, 30, 0.49%, 17, 0, 3, 862.70
1663238936, 0, 118, 331, 321, 30, 0.50%, 18, 0, 3, 761.49
1663238941, 0, 118, 335, 325, 30, 0.50%, 18, 0, 3, 777.49
1663238946, 0, 118, 338, 328, 30, 0.50%, 19, 0, 3, 787.55
1663238952, 0, 118, 343, 333, 30, 0.50%, 21, 0, 3, 795.63
1663238957, 0, 121, 343, 332, 32, 0.50%, 21, 0, 3, 832.22
1663238967, 0, 135, 345, 333, 31, 0.50%, 21, 0, 3, 887.90
1663238972, 0, 135, 346, 334, 31, 0.50%, 21, 0, 3, 895.87
1663238978, 0, 138, 348, 335, 30, 0.50%, 21, 0, 3, 889.85
1663238983, 0, 143, 348, 334, 29, 0.50%, 21, 0, 3, 743.77
1663238993, 0, 146, 349, 334, 28, 0.50%, 21, 0, 3, 852.96
1663238998, 0, 160, 349, 333, 27, 0.50%, 21, 0, 3, 880.48
1663239003, 0, 201, 349, 331, 25, 0.50%, 21, 0, 3, 888.91
1663239008, 0, 207, 349, 330, 24, 0.50%, 21, 0, 3, 754.82
1663239034, 0, 213, 349, 329, 23, 0.50%, 21, 0, 3, 813.82
1663239044, 0, 218, 350, 329, 22, 0.50%, 21, 0, 3, 905.16
1663239049, 0, 218, 351, 330, 22, 0.50%, 21, 0, 3, 894.13
1663239054, 0, 223, 351, 329, 22, 0.50%, 21, 0, 3, 900.89
1663239059, 0, 235, 351, 328, 21, 0.50%, 21, 0, 3, 904.56
1663239065, 0, 240, 352, 328, 20, 0.50%, 21, 0, 3, 900.38
1663239080, 0, 241, 353, 328, 20, 0.50%, 21, 0, 3, 890.15
1663239085, 0, 241, 354, 329, 20, 0.51%, 21, 0, 3, 903.03
1663239090, 0, 241, 354, 329, 20, 0.51%, 22, 0, 3, 906.02
1663239095, 0, 252, 355, 329, 20, 0.51%, 23, 0, 3, 907.71
1663239100, 0, 253, 355, 328, 19, 0.51%, 23, 0, 3, 907.66
1663239111, 0, 258, 355, 327, 18, 0.51%, 23, 0, 3, 913.24
1663239116, 0, 262, 355, 326, 17, 0.51%, 23, 0, 3, 911.09
1663239131, 0, 267, 355, 325, 17, 0.51%, 23, 0, 3, 896.94
1663239136, 0, 287, 355, 324, 16, 0.51%, 23, 0, 3, 906.96
1663239157, 0, 309, 355, 323, 15, 0.51%, 23, 0, 3, 905.58
1663239162, 0, 309, 356, 324, 15, 0.51%, 23, 0, 4, 907.86
1663239172, 0, 312, 357, 324, 16, 0.51%, 23, 0, 4, 906.64
1663239182, 0, 316, 358, 324, 15, 0.51%, 23, 0, 4, 770.54
1663239208, 0, 316, 359, 325, 15, 0.51%, 23, 0, 4, 740.12
1663239213, 0, 322, 359, 324, 14, 0.51%, 23, 0, 4, 863.01
1663239218, 0, 322, 362, 327, 14, 0.51%, 24, 0, 4, 897.80
1663239228, 0, 322, 367, 332, 14, 0.51%, 24, 0, 4, 893.66
1663239233, 0, 322, 373, 338, 14, 0.51%, 24, 0, 4, 903.90
1663239244, 0, 322, 375, 340, 14, 0.51%, 24, 0, 4, 904.02
1663239249, 0, 322, 376, 341, 14, 0.51%, 24, 0, 4, 904.67
1663239254, 0, 322, 377, 342, 14, 0.51%, 24, 0, 4, 888.35
1663239259, 0, 322, 380, 345, 14, 0.51%, 24, 0, 4, 899.64
1663239264, 0, 325, 380, 344, 17, 0.51%, 24, 0, 4, 905.97
1663239269, 0, 325, 382, 346, 17, 0.51%, 24, 0, 4, 910.78
1663239274, 0, 325, 387, 351, 17, 0.51%, 24, 0, 4, 896.36
1663239279, 0, 336, 387, 350, 17, 0.51%, 24, 0, 4, 890.77
1663239289, 0, 337, 388, 350, 16, 0.51%, 24, 0, 4, 836.22
1663239320, 0, 337, 389, 351, 16, 0.51%, 24, 0, 4, 716.55
1663239325, 0, 337, 392, 354, 16, 0.51%, 24, 0, 4, 752.41
1663239330, 0, 337, 393, 355, 16, 0.51%, 25, 0, 4, 757.34
1663239335, 0, 337, 394, 356, 16, 0.51%, 25, 0, 4, 759.51
1663239341, 0, 337, 398, 360, 16, 0.51%, 25, 0, 4, 756.80
1663239351, 0, 342, 398, 359, 16, 0.51%, 26, 0, 4, 746.52
1663239381, 0, 350, 398, 358, 15, 0.51%, 26, 0, 4, 839.37
1663239391, 0, 351, 398, 357, 14, 0.51%, 26, 0, 4, 899.74
1663239407, 0, 353, 398, 356, 13, 0.51%, 26, 0, 4, 908.24
1663239422, 0, 354, 400, 357, 12, 0.51%, 27, 0, 4, 900.94
1663239427, 0, 355, 400, 356, 11, 0.51%, 27, 0, 4, 904.47
1663239443, 0, 366, 401, 356, 10, 0.51%, 27, 0, 5, 901.36
1663239458, 0, 366, 403, 358, 10, 0.51%, 27, 0, 5, 904.14
1663239463, 0, 366, 405, 360, 10, 0.51%, 27, 0, 5, 900.14
1663239468, 0, 366, 406, 361, 10, 0.51%, 27, 0, 5, 890.40
1663239494, 0, 367, 408, 362, 9, 0.51%, 27, 0, 5, 900.86
1663239504, 0, 375, 408, 361, 8, 0.51%, 27, 0, 5, 901.27
1663239520, 0, 375, 410, 363, 8, 0.51%, 27, 0, 5, 903.48
1663239525, 0, 375, 411, 364, 8, 0.51%, 27, 0, 5, 897.69
1663239535, 0, 377, 411, 363, 7, 0.51%, 27, 0, 5, 903.05
1663239550, 0, 378, 411, 362, 6, 0.51%, 27, 0, 5, 904.61
1663239561, 0, 385, 411, 361, 5, 0.51%, 27, 0, 5, 909.29
1663239571, 0, 387, 411, 360, 4, 0.51%, 27, 0, 5, 865.65
1663239606, 0, 387, 412, 361, 4, 0.51%, 28, 0, 5, 747.97
1663239611, 0, 399, 412, 360, 3, 0.51%, 28, 0, 5, 859.03
1663239616, 0, 400, 412, 359, 2, 0.51%, 28, 0, 5, 895.34
1663239637, 0, 404, 413, 359, 2, 0.52%, 29, 0, 6, 904.33
1663239652, 0, 404, 415, 361, 2, 0.52%, 29, 0, 6, 902.45
1663239657, 0, 404, 416, 362, 2, 0.52%, 29, 0, 6, 902.45
1663239672, 0, 412, 417, 362, 2, 0.52%, 29, 0, 7, 899.32
1663239688, 0, 412, 418, 363, 2, 0.52%, 31, 0, 7, 899.12
1663239693, 0, 412, 421, 366, 2, 0.52%, 31, 0, 7, 896.74
1663239698, 0, 412, 421, 366, 2, 0.52%, 32, 0, 7, 901.68
1663239713, 0, 412, 421, 366, 2, 0.52%, 33, 0, 7, 904.50
1663239723, 0, 419, 421, 365, 2, 0.52%, 33, 0, 7, 893.09
1663239734, 0, 419, 422, 366, 2, 0.52%, 33, 0, 8, 899.26
1663239739, 0, 419, 423, 367, 2, 0.52%, 33, 0, 8, 902.78
1663239744, 1, 43, 423, 366, 1, 0.52%, 33, 0, 8, 763.23
1663239759, 1, 43, 424, 367, 1, 0.52%, 33, 0, 8, 718.35
1663239764, 1, 43, 431, 374, 1, 0.52%, 33, 0, 8, 820.76
1663239769, 1, 43, 434, 377, 1, 0.52%, 33, 0, 8, 839.33
1663239774, 1, 43, 439, 382, 1, 0.52%, 33, 0, 8, 835.76
1663239779, 1, 43, 440, 383, 1, 0.52%, 33, 0, 8, 835.93
1663239784, 1, 43, 442, 385, 1, 0.52%, 33, 0, 8, 838.09
1663239790, 1, 43, 443, 386, 1, 0.52%, 33, 0, 8, 830.68
1663239800, 1, 123, 444, 386, 1, 0.52%, 33, 0, 8, 874.36
1663239815, 1, 172, 446, 387, 1, 0.52%, 33, 0, 8, 906.41
1663239820, 1, 173, 446, 386, 0, 0.52%, 33, 0, 8, 902.16
1663239825, 1, 181, 446, 385, 0, 0.52%, 33, 0, 8, 787.14
1663239861, 1, 182, 446, 384, 0, 0.52%, 33, 0, 8, 723.50
1663239877, 1, 183, 446, 383, 0, 0.52%, 33, 0, 8, 904.26
1663239897, 1, 184, 446, 382, 0, 0.52%, 33, 0, 8, 903.93
1663239913, 1, 185, 446, 381, 0, 0.52%, 33, 0, 8, 899.28
1663239943, 1, 190, 446, 380, 0, 0.52%, 33, 0, 8, 904.12
1663239959, 1, 194, 446, 379, 0, 0.52%, 33, 0, 8, 907.62
1663239969, 1, 196, 446, 378, 0, 0.52%, 33, 0, 8, 752.44
1663239985, 1, 196, 447, 379, 0, 0.52%, 33, 0, 8, 759.66
1663239990, 1, 196, 449, 381, 0, 0.52%, 34, 0, 8, 837.57
1663240000, 1, 446, 454, 385, 1, 0.52%, 34, 0, 8, 876.97
1663240061, 1, 446, 456, 387, 1, 0.52%, 34, 0, 8, 902.47
1663240066, 1, 449, 456, 386, 1, 0.52%, 34, 0, 8, 900.86
1663240128, 1, 450, 456, 385, 0, 0.52%, 34, 0, 8, 896.17
1663240189, 1, 452, 456, 384, 0, 0.52%, 34, 0, 8, 898.58
1663240246, 2, 2, 456, 383, 0, 0.52%, 34, 0, 8, 856.54
1663240266, 2, 2, 464, 391, 0, 0.53%, 34, 0, 8, 781.42
1663240271, 2, 2, 466, 393, 0, 0.54%, 34, 0, 8, 813.11
1663240276, 2, 2, 470, 397, 0, 0.54%, 34, 0, 8, 816.83
1663240282, 2, 2, 472, 399, 0, 0.54%, 34, 0, 8, 826.22
1663240287, 2, 2, 475, 402, 0, 0.54%, 34, 0, 8, 814.04
1663240292, 2, 2, 478, 405, 0, 0.55%, 34, 0, 8, 825.20
1663240297, 2, 2, 479, 406, 0, 0.55%, 34, 0, 8, 820.69
1663240302, 2, 2, 480, 407, 0, 0.55%, 34, 0, 8, 821.09
1663240307, 2, 45, 480, 406, 8, 0.55%, 34, 0, 8, 713.88
1663240327, 2, 47, 480, 405, 8, 0.55%, 34, 0, 8, 867.83
1663240337, 2, 47, 482, 407, 8, 0.55%, 34, 0, 8, 882.27
1663240342, 2, 47, 483, 408, 8, 0.55%, 34, 0, 8, 878.52
1663240347, 2, 47, 486, 411, 8, 0.55%, 34, 0, 8, 868.62
1663240352, 2, 47, 487, 412, 8, 0.55%, 34, 0, 8, 880.49
1663240357, 2, 47, 490, 415, 8, 0.55%, 34, 0, 8, 882.16
1663240363, 2, 47, 493, 418, 8, 0.56%, 34, 0, 8, 880.60
1663240368, 2, 139, 494, 418, 10, 0.56%, 34, 0, 8, 899.04
1663240373, 2, 171, 494, 417, 10, 0.56%, 34, 0, 8, 906.14
1663240393, 2, 341, 495, 417, 10, 0.56%, 34, 0, 8, 895.77
1663240419, 2, 341, 498, 420, 10, 0.56%, 34, 0, 8, 888.79
1663240424, 2, 341, 500, 422, 10, 0.56%, 34, 0, 8, 882.23
1663240429, 2, 341, 501, 423, 10, 0.56%, 34, 0, 8, 887.90
1663240434, 2, 341, 503, 425, 10, 0.56%, 34, 0, 8, 883.56
1663240444, 2, 459, 506, 427, 13, 0.56%, 34, 0, 8, 840.83
1663241399, 2, 459, 507, 428, 13, 0.56%, 34, 0, 8, 624.34
1663241404, 2, 467, 507, 427, 12, 0.56%, 34, 0, 8, 688.81
1663241983, 2, 467, 508, 428, 12, 0.56%, 34, 0, 8, 689.28
1663241988, 2, 467, 514, 434, 12, 0.56%, 34, 0, 8, 728.40
1663241998, 2, 467, 515, 435, 12, 0.57%, 34, 0, 8, 739.81
1663242009, 2, 467, 516, 436, 12, 0.57%, 34, 0, 8, 742.98
1663242019, 2, 467, 517, 437, 12, 0.57%, 34, 0, 8, 736.71
1663242029, 2, 468, 517, 436, 17, 0.57%, 34, 0, 8, 723.01
