# unix_time, cycles_done, cur_path, paths_total, pending_total, pending_favs, map_size, unique_crashes, unique_hangs, max_depth, execs_per_sec
1662367737, 0, 0, 1, 1, 1, 0.30%, 0, 0, 1, 205.13
1662367742, 0, 0, 75, 75, 1, 0.49%, 0, 0, 2, 571.17
1662367747, 0, 0, 85, 85, 1, 0.50%, 0, 0, 2, 639.10
1662367752, 0, 0, 96, 96, 1, 0.51%, 0, 0, 2, 663.39
1662367757, 0, 0, 151, 151, 1, 0.53%, 0, 0, 2, 707.26
1662367763, 0, 0, 232, 232, 1, 0.54%, 0, 0, 2, 793.73
1662367768, 0, 0, 265, 265, 1, 0.58%, 0, 0, 2, 797.92
1662367773, 0, 0, 288, 288, 1, 0.58%, 0, 0, 2, 799.94
1662367778, 0, 0, 295, 295, 1, 0.58%, 0, 0, 2, 805.93
1662367783, 0, 0, 300, 300, 1, 0.58%, 0, 0, 2, 811.63
1662367788, 0, 0, 307, 307, 1, 0.58%, 0, 0, 2, 808.62
1662367793, 0, 0, 311, 311, 1, 0.59%, 0, 0, 2, 805.52
1662367798, 0, 0, 318, 318, 1, 0.59%, 0, 0, 2, 805.15
1662367803, 0, 4, 320, 319, 45, 0.59%, 0, 0, 2, 846.19
1662367813, 0, 5, 320, 318, 44, 0.59%, 0, 0, 2, 880.52
1662367823, 0, 5, 324, 322, 44, 0.59%, 0, 0, 3, 876.49
1662367828, 0, 5, 326, 324, 44, 0.59%, 0, 0, 3, 880.22
1662367849, 0, 15, 329, 326, 44, 0.59%, 0, 0, 3, 876.80
1662367864, 0, 24, 329, 325, 43, 0.59%, 0, 0, 3, 759.16
1662367884, 0, 24, 333, 329, 43, 0.60%, 0, 0, 3, 764.47
1662367889, 0, 24, 337, 333, 43, 0.62%, 0, 0, 3, 795.58
1662367895, 0, 24, 341, 337, 43, 0.62%, 0, 0, 3, 803.61
1662367900, 0, 24, 342, 338, 43, 0.62%, 0, 0, 3, 801.43
1662367905, 0, 24, 345, 341, 43, 0.62%, 0, 0, 3, 800.42
1662367915, 0, 29, 346, 341, 43, 0.62%, 0, 0, 3, 698.41
1662367930, 0, 29, 347, 342, 43, 0.62%, 0, 0, 3, 727.77
1662367935, 0, 52, 347, 341, 42, 0.62%, 0, 0, 3, 710.03
1662367956, 0, 66, 348, 341, 41, 0.62%, 0, 0, 3, 820.50
1662367971, 0, 69, 349, 341, 40, 0.62%, 0, 0, 3, 876.13
1662367986, 0, 69, 351, 343, 40, 0.63%, 0, 0, 3, 874.14
1662367991, 0, 69, 352, 344, 40, 0.63%, 0, 0, 3, 874.35
1662367996, 0, 69, 354, 346, 40, 0.63%, 0, 0, 3, 873.45
1662368001, 0, 69, 355, 347, 40, 0.63%, 0, 0, 3, 880.20
1662368006, 0, 69, 357, 349, 40, 0.63%, 0, 0, 3, 876.53
1662368017, 0, 69, 358, 350, 40, 0.63%, 0, 0, 3, 877.54
1662368022, 0, 101, 359, 350, 42, 0.63%, 0, 0, 3, 867.33
1662368032, 0, 116, 359, 349, 41, 0.63%, 0, 0, 3, 872.31
