# unix_time, cycles_done, cur_path, paths_total, pending_total, pending_favs, map_size, unique_crashes, unique_hangs, max_depth, execs_per_sec
1662897541, 0, 0, 1, 1, 1, 0.30%, 0, 0, 1, 170.21
1662897546, 0, 0, 75, 75, 1, 0.49%, 0, 0, 2, 568.19
1662897551, 0, 0, 86, 86, 1, 0.50%, 0, 0, 2, 647.00
1662897556, 0, 0, 96, 96, 1, 0.51%, 0, 0, 2, 669.73
1662897561, 0, 0, 160, 160, 1, 0.52%, 0, 0, 2, 724.39
1662897566, 0, 0, 233, 233, 1, 0.55%, 0, 0, 2, 786.41
1662897571, 0, 0, 270, 270, 1, 0.57%, 0, 0, 2, 815.46
1662897577, 0, 0, 289, 289, 1, 0.57%, 0, 0, 2, 815.35
1662897582, 0, 0, 296, 296, 1, 0.58%, 0, 0, 2, 818.60
1662897587, 0, 0, 302, 302, 1, 0.58%, 0, 0, 2, 814.81
1662897592, 0, 0, 305, 305, 1, 0.58%, 0, 0, 2, 812.16
1662897597, 0, 0, 312, 312, 1, 0.58%, 0, 0, 2, 820.73
1662897602, 0, 0, 315, 315, 1, 0.59%, 0, 0, 2, 814.61
1662897607, 0, 24, 315, 314, 46, 0.59%, 0, 0, 2, 696.76
1662897622, 0, 24, 317, 316, 46, 0.59%, 0, 0, 3, 735.54
1662897627, 0, 24, 321, 320, 46, 0.59%, 0, 0, 3, 791.22
1662897632, 0, 24, 324, 323, 46, 0.59%, 0, 0, 3, 800.13
1662897637, 0, 24, 329, 328, 46, 0.59%, 0, 0, 3, 804.22
1662897643, 0, 24, 330, 329, 46, 0.59%, 0, 0, 3, 812.50
1662897648, 0, 24, 332, 331, 46, 0.59%, 0, 0, 3, 812.32
1662897653, 0, 35, 332, 330, 46, 0.59%, 0, 0, 3, 751.76
1662897673, 0, 39, 332, 329, 46, 0.59%, 0, 0, 3, 704.50
1662897678, 0, 39, 333, 330, 46, 0.61%, 0, 0, 3, 676.08
1662897688, 0, 39, 334, 331, 46, 0.61%, 0, 0, 3, 704.96
1662897693, 0, 39, 340, 337, 46, 0.62%, 0, 0, 3, 790.08
1662897698, 0, 39, 341, 338, 46, 0.62%, 0, 0, 3, 814.55
1662897703, 0, 39, 343, 340, 46, 0.62%, 0, 0, 3, 816.90
1662897708, 0, 39, 345, 342, 46, 0.62%, 0, 0, 3, 823.05
1662897714, 0, 39, 346, 343, 46, 0.62%, 0, 0, 3, 816.16
1662897719, 0, 48, 349, 345, 47, 0.62%, 0, 0, 3, 796.81
1662897739, 0, 66, 350, 345, 46, 0.62%, 0, 0, 3, 755.73
1662897744, 0, 66, 351, 346, 46, 0.62%, 0, 0, 3, 859.94
1662897754, 0, 66, 353, 348, 46, 0.62%, 0, 0, 3, 877.57
1662897759, 0, 66, 356, 351, 46, 0.62%, 0, 0, 3, 880.98
1662897764, 0, 66, 362, 357, 46, 0.63%, 0, 0, 3, 882.80
1662897769, 0, 66, 368, 363, 46, 0.63%, 0, 0, 3, 879.65
1662897774, 0, 66, 369, 364, 46, 0.63%, 0, 0, 3, 880.91
1662897779, 0, 66, 371, 366, 46, 0.63%, 0, 0, 3, 882.43
1662897794, 0, 85, 371, 365, 47, 0.63%, 0, 0, 3, 726.57
1662897810, 0, 86, 371, 364, 46, 0.63%, 0, 0, 3, 731.24
1662897830, 0, 89, 371, 363, 45, 0.63%, 0, 0, 3, 722.20
