# unix_time, cycles_done, cur_path, paths_total, pending_total, pending_favs, map_size, unique_crashes, unique_hangs, max_depth, execs_per_sec
1663136435, 0, 0, 1, 1, 1, 0.30%, 0, 0, 1, 181.82
1663136440, 0, 0, 75, 75, 1, 0.49%, 0, 0, 2, 557.74
1663136445, 0, 0, 85, 85, 1, 0.49%, 0, 0, 2, 641.86
1663136450, 0, 0, 95, 95, 1, 0.50%, 1, 0, 2, 658.51
1663136455, 0, 0, 151, 151, 1, 0.51%, 1, 0, 2, 709.34
1663136460, 0, 0, 229, 229, 1, 0.55%, 6, 0, 2, 770.62
1663136465, 0, 0, 253, 253, 1, 0.56%, 10, 0, 2, 799.90
1663136470, 0, 0, 267, 267, 1, 0.56%, 13, 0, 2, 800.83
1663136475, 0, 0, 277, 277, 1, 0.57%, 16, 0, 2, 804.60
1663136480, 0, 0, 289, 289, 1, 0.57%, 16, 0, 2, 802.93
1663136485, 0, 0, 298, 298, 1, 0.58%, 18, 0, 2, 794.63
1663136490, 0, 0, 303, 303, 1, 0.58%, 18, 0, 2, 802.84
1663136495, 0, 0, 308, 308, 1, 0.58%, 18, 0, 2, 809.48
1663136500, 0, 4, 309, 308, 43, 0.58%, 19, 0, 2, 855.08
1663136506, 0, 4, 310, 309, 43, 0.58%, 19, 0, 3, 879.33
1663136511, 0, 24, 310, 308, 42, 0.58%, 19, 0, 3, 713.91
1663136526, 0, 24, 310, 308, 42, 0.58%, 20, 0, 3, 710.51
1663136531, 0, 24, 316, 314, 42, 0.58%, 20, 0, 3, 778.12
1663136536, 0, 24, 320, 318, 42, 0.60%, 21, 0, 3, 787.66
1663136542, 0, 24, 322, 320, 42, 0.60%, 23, 0, 3, 797.54
1663136547, 0, 24, 324, 322, 42, 0.60%, 24, 0, 3, 793.31
1663136552, 0, 24, 326, 324, 42, 0.60%, 24, 0, 3, 792.10
1663136557, 0, 28, 329, 326, 45, 0.60%, 24, 0, 3, 746.63
1663136567, 0, 28, 329, 326, 45, 0.60%, 25, 0, 3, 661.15
1663136577, 0, 28, 330, 327, 45, 0.60%, 26, 0, 3, 757.14
1663136583, 0, 38, 330, 326, 44, 0.60%, 26, 0, 3, 683.32
1663136588, 0, 38, 331, 327, 44, 0.60%, 26, 0, 3, 667.75
1663136598, 0, 38, 334, 330, 44, 0.60%, 26, 0, 3, 731.67
1663136603, 0, 38, 336, 332, 44, 0.61%, 27, 0, 3, 788.60
1663136618, 0, 38, 339, 335, 44, 0.61%, 27, 0, 3, 809.64
1663136624, 0, 38, 340, 336, 44, 0.61%, 29, 0, 3, 808.06
1663136629, 0, 56, 341, 336, 45, 0.61%, 29, 0, 3, 835.61
1663136644, 0, 56, 344, 339, 45, 0.61%, 31, 0, 3, 870.32
1663136649, 0, 56, 347, 342, 45, 0.61%, 31, 0, 3, 867.63
1663136654, 0, 56, 349, 344, 45, 0.61%, 32, 0, 3, 865.82
1663136664, 0, 56, 350, 345, 45, 0.61%, 33, 0, 3, 867.91
1663136669, 0, 56, 351, 346, 45, 0.61%, 33, 0, 3, 869.31
1663136674, 0, 56, 352, 347, 45, 0.61%, 35, 0, 3, 875.73
1663136680, 0, 62, 353, 347, 46, 0.61%, 35, 0, 3, 798.37
1663136700, 0, 66, 354, 347, 45, 0.61%, 35, 0, 3, 771.73
1663136710, 0, 66, 354, 347, 45, 0.61%, 36, 0, 3, 867.97
1663136715, 0, 66, 355, 348, 45, 0.61%, 36, 0, 3, 870.83
1663136720, 0, 66, 357, 350, 45, 0.61%, 37, 0, 3, 869.89
1663136725, 0, 66, 360, 353, 45, 0.62%, 37, 0, 3, 871.19
1663136730, 0, 66, 363, 356, 45, 0.62%, 37, 0, 3, 868.92
1663136735, 0, 66, 364, 357, 45, 0.62%, 37, 0, 3, 867.94
1663136741, 0, 66, 365, 358, 45, 0.62%, 37, 0, 3, 870.43
1663136746, 0, 72, 365, 357, 44, 0.62%, 37, 0, 3, 718.35
1663136761, 0, 119, 365, 356, 43, 0.62%, 37, 0, 3, 712.55
1663136766, 0, 129, 365, 355, 42, 0.62%, 37, 0, 3, 698.88
1663136776, 0, 130, 365, 354, 41, 0.62%, 37, 0, 3, 846.97
1663136786, 0, 146, 365, 352, 39, 0.62%, 37, 0, 3, 875.90
1663136791, 0, 146, 365, 352, 39, 0.62%, 38, 0, 3, 881.49
1663136796, 0, 149, 365, 351, 38, 0.62%, 38, 0, 3, 880.49
1663136802, 0, 172, 367, 352, 37, 0.62%, 38, 0, 3, 877.18
1663136807, 0, 172, 368, 353, 37, 0.62%, 38, 0, 3, 877.20
1663136812, 0, 177, 368, 352, 36, 0.62%, 38, 0, 3, 874.05
1663136822, 0, 178, 368, 351, 35, 0.62%, 38, 0, 3, 753.40
1663136837, 0, 180, 368, 350, 35, 0.62%, 38, 0, 3, 841.91
1663136847, 0, 182, 369, 350, 34, 0.62%, 38, 0, 3, 876.44
1663136852, 0, 183, 369, 349, 33, 0.62%, 38, 0, 3, 872.32
1663136872, 0, 197, 369, 348, 32, 0.62%, 38, 0, 3, 875.21
1663136888, 0, 197, 371, 350, 32, 0.62%, 38, 0, 3, 869.37
1663136893, 0, 202, 371, 349, 31, 0.62%, 38, 0, 3, 877.62
1663136908, 0, 206, 371, 348, 30, 0.62%, 38, 0, 3, 874.48
1663136913, 0, 215, 371, 347, 29, 0.62%, 38, 0, 3, 880.05
1663136918, 0, 217, 371, 346, 28, 0.62%, 38, 0, 3, 880.08
1663136933, 0, 221, 372, 346, 27, 0.62%, 38, 0, 3, 876.50
1663136943, 0, 221, 373, 347, 27, 0.62%, 39, 0, 3, 878.54
1663136948, 0, 222, 373, 346, 26, 0.62%, 39, 0, 3, 883.70
1663136953, 0, 223, 373, 345, 25, 0.62%, 39, 0, 3, 874.99
1663136958, 0, 229, 373, 344, 24, 0.62%, 39, 0, 3, 879.56
1663136963, 0, 230, 373, 343, 23, 0.62%, 39, 0, 3, 882.44
1663136968, 0, 230, 374, 344, 23, 0.62%, 39, 0, 3, 882.31
1663136973, 0, 242, 374, 343, 22, 0.62%, 39, 0, 3, 724.28
1663136989, 0, 244, 374, 342, 21, 0.62%, 39, 0, 3, 816.02
1663136994, 0, 244, 375, 343, 21, 0.62%, 39, 0, 3, 856.55
1663136999, 0, 252, 376, 343, 20, 0.62%, 39, 0, 3, 789.82
1663137030, 0, 254, 376, 342, 19, 0.62%, 39, 0, 3, 690.36
