# unix_time, cycles_done, cur_path, paths_total, pending_total, pending_favs, map_size, unique_crashes, unique_hangs, max_depth, execs_per_sec
1662918918, 0, 0, 1, 1, 1, 0.28%, 0, 0, 1, 190.48
1662918923, 0, 0, 62, 62, 1, 0.41%, 0, 0, 2, 567.34
1662918929, 0, 0, 70, 70, 1, 0.43%, 0, 0, 2, 650.16
1662918934, 0, 0, 78, 78, 1, 0.43%, 0, 0, 2, 657.34
1662918939, 0, 0, 139, 139, 1, 0.44%, 0, 0, 2, 722.21
1662918944, 0, 0, 210, 210, 1, 0.45%, 2, 0, 2, 763.06
1662918949, 0, 0, 240, 240, 1, 0.45%, 2, 0, 2, 797.65
1662918954, 0, 0, 261, 261, 1, 0.45%, 3, 0, 2, 802.18
1662918959, 0, 0, 269, 269, 1, 0.45%, 3, 0, 2, 806.30
1662918964, 0, 0, 278, 278, 1, 0.45%, 3, 0, 2, 809.02
1662918969, 0, 0, 285, 285, 1, 0.46%, 3, 0, 2, 806.96
