# unix_time, cycles_done, cur_path, paths_total, pending_total, pending_favs, map_size, unique_crashes, unique_hangs, max_depth, execs_per_sec
1663146175, 0, 0, 1, 1, 1, 0.25%, 0, 0, 1, 177.78
1663146180, 0, 0, 56, 56, 1, 0.37%, 0, 0, 2, 553.36
1663146185, 0, 0, 63, 63, 1, 0.38%, 0, 0, 2, 639.18
1663146190, 0, 0, 69, 69, 1, 0.38%, 0, 0, 2, 654.86
1663146195, 0, 0, 132, 132, 1, 0.39%, 1, 0, 2, 703.31
1663146200, 0, 0, 181, 181, 1, 0.42%, 2, 0, 2, 781.08
1663146206, 0, 0, 203, 203, 1, 0.42%, 4, 0, 2, 797.53
1663146211, 0, 0, 215, 215, 1, 0.42%, 4, 0, 2, 801.50
1663146216, 0, 0, 226, 226, 1, 0.43%, 4, 0, 2, 796.49
1663146221, 0, 0, 230, 230, 1, 0.43%, 4, 0, 2, 796.41
1663146226, 0, 0, 237, 237, 1, 0.43%, 4, 0, 2, 796.92
1663146231, 0, 0, 238, 238, 1, 0.43%, 4, 0, 2, 798.68
1663146236, 0, 0, 244, 244, 1, 0.44%, 4, 0, 2, 799.33
1663146241, 0, 20, 245, 244, 28, 0.44%, 4, 0, 2, 696.61
1663146257, 0, 20, 246, 245, 28, 0.44%, 4, 0, 3, 682.82
1663146262, 0, 48, 246, 244, 27, 0.44%, 5, 0, 3, 800.77
1663146277, 0, 48, 256, 254, 27, 0.44%, 5, 0, 3, 862.32
1663146282, 0, 48, 259, 257, 27, 0.44%, 6, 0, 3, 868.34
1663146287, 0, 48, 262, 260, 27, 0.44%, 7, 0, 3, 863.25
1663146292, 0, 48, 264, 262, 27, 0.44%, 8, 0, 3, 866.67
1663146297, 0, 48, 266, 264, 27, 0.44%, 8, 0, 3, 858.96
1663146302, 0, 48, 269, 267, 27, 0.44%, 8, 0, 3, 862.48
1663146307, 0, 56, 269, 266, 28, 0.44%, 8, 0, 3, 703.41
1663146323, 0, 56, 273, 270, 28, 0.45%, 8, 0, 3, 727.66
1663146328, 0, 56, 275, 272, 28, 0.45%, 8, 0, 3, 787.79
1663146333, 0, 56, 277, 274, 28, 0.45%, 9, 0, 3, 798.78
1663146338, 0, 56, 278, 275, 28, 0.45%, 11, 0, 3, 801.47
1663146343, 0, 56, 279, 276, 28, 0.45%, 12, 0, 3, 804.55
1663146348, 0, 56, 282, 279, 28, 0.45%, 12, 0, 3, 798.85
1663146353, 0, 66, 282, 278, 29, 0.45%, 12, 0, 3, 749.18
1663146374, 0, 66, 284, 280, 29, 0.45%, 12, 0, 3, 751.31
1663146379, 0, 66, 285, 281, 29, 0.45%, 13, 0, 3, 788.17
1663146384, 0, 78, 285, 280, 28, 0.45%, 13, 0, 3, 840.07
1663146399, 0, 92, 285, 279, 27, 0.45%, 13, 0, 3, 833.50
1663146425, 0, 92, 289, 283, 27, 0.45%, 13, 0, 3, 716.01
1663146430, 0, 92, 290, 284, 27, 0.45%, 13, 0, 3, 752.10
1663146435, 0, 92, 291, 285, 27, 0.45%, 14, 0, 3, 760.61
1663146440, 0, 92, 291, 285, 27, 0.45%, 15, 0, 3, 763.91
1663146445, 0, 92, 293, 287, 27, 0.45%, 15, 0, 3, 757.40
1663146450, 0, 92, 294, 288, 27, 0.45%, 16, 0, 3, 763.12
1663146455, 0, 104, 294, 287, 26, 0.45%, 16, 0, 3, 805.70
1663146460, 0, 111, 294, 286, 25, 0.45%, 16, 0, 3, 857.66
1663146471, 0, 111, 295, 287, 25, 0.45%, 16, 0, 3, 869.32
1663146476, 0, 114, 296, 287, 24, 0.45%, 16, 0, 3, 837.71
1663146491, 0, 134, 296, 286, 23, 0.45%, 16, 0, 3, 721.13
1663146507, 0, 137, 296, 285, 22, 0.45%, 16, 0, 3, 839.32
1663146512, 0, 139, 296, 284, 21, 0.45%, 16, 0, 3, 866.85
1663146517, 0, 148, 297, 284, 22, 0.45%, 16, 0, 3, 869.99
1663146522, 0, 151, 297, 283, 21, 0.45%, 16, 0, 3, 876.97
1663146532, 0, 159, 297, 281, 19, 0.45%, 16, 0, 3, 872.70
1663146537, 0, 162, 297, 280, 18, 0.45%, 16, 0, 3, 875.65
1663146547, 0, 178, 297, 279, 17, 0.45%, 16, 0, 3, 865.80
1663146557, 0, 178, 298, 280, 17, 0.45%, 16, 0, 3, 873.59
1663146562, 0, 207, 298, 278, 15, 0.45%, 16, 0, 3, 869.57
1663146567, 0, 217, 298, 277, 14, 0.45%, 16, 0, 3, 846.39
1663146598, 0, 229, 298, 276, 13, 0.45%, 16, 0, 3, 667.95
1663146613, 0, 251, 298, 274, 11, 0.45%, 17, 0, 3, 804.11
1663146624, 0, 251, 300, 276, 11, 0.45%, 17, 0, 4, 859.14
1663146629, 0, 255, 300, 275, 10, 0.45%, 17, 0, 4, 864.22
1663146639, 0, 256, 300, 274, 9, 0.45%, 17, 0, 4, 866.17
1663146659, 0, 270, 300, 273, 9, 0.45%, 18, 0, 4, 838.98
1663146674, 0, 270, 301, 274, 9, 0.45%, 18, 0, 4, 813.63
1663146679, 0, 273, 301, 273, 8, 0.45%, 18, 0, 4, 815.47
1663146695, 0, 276, 303, 274, 7, 0.45%, 18, 0, 4, 816.35
1663146705, 0, 282, 303, 273, 6, 0.45%, 18, 0, 4, 816.47
1663146710, 0, 282, 307, 277, 6, 0.45%, 18, 0, 4, 814.84
1663146715, 0, 282, 307, 277, 6, 0.45%, 19, 0, 4, 819.13
1663146720, 0, 282, 311, 281, 6, 0.45%, 19, 0, 4, 812.20
1663146725, 0, 282, 316, 286, 6, 0.46%, 19, 0, 4, 809.17
1663146731, 0, 282, 319, 289, 6, 0.46%, 19, 0, 4, 834.17
1663146736, 0, 282, 322, 292, 6, 0.46%, 19, 0, 4, 853.90
1663146741, 0, 282, 324, 294, 6, 0.46%, 19, 0, 4, 863.43
1663146751, 0, 282, 325, 295, 6, 0.46%, 19, 0, 4, 863.85
1663146756, 0, 282, 326, 296, 6, 0.46%, 19, 0, 4, 861.50
1663146761, 0, 287, 327, 296, 6, 0.46%, 19, 0, 4, 725.36
