# unix_time, cycles_done, cur_path, paths_total, pending_total, pending_favs, map_size, unique_crashes, unique_hangs, max_depth, execs_per_sec
1662898457, 0, 0, 1, 1, 1, 0.30%, 0, 0, 1, 177.78
1662898462, 0, 0, 75, 75, 1, 0.50%, 0, 0, 2, 570.16
1662898467, 0, 0, 86, 86, 1, 0.51%, 0, 0, 2, 644.34
1662898472, 0, 0, 96, 96, 1, 0.51%, 0, 0, 2, 663.48
1662898477, 0, 0, 161, 161, 1, 0.53%, 0, 0, 2, 718.39
1662898482, 0, 0, 245, 245, 1, 0.57%, 0, 0, 2, 771.55
1662898487, 0, 0, 277, 277, 1, 0.58%, 0, 0, 2, 798.31
1662898492, 0, 0, 291, 291, 1, 0.61%, 0, 0, 2, 811.02
1662898497, 0, 0, 305, 305, 1, 0.61%, 0, 0, 2, 814.74
1662898503, 0, 0, 317, 317, 1, 0.61%, 0, 0, 2, 817.61
1662898508, 0, 0, 325, 325, 1, 0.61%, 0, 0, 2, 812.54
1662898513, 0, 0, 328, 328, 1, 0.61%, 0, 0, 2, 815.15
1662898518, 0, 0, 330, 330, 1, 0.61%, 0, 0, 2, 805.82
1662898523, 0, 27, 330, 329, 48, 0.61%, 0, 0, 2, 855.67
1662898528, 0, 27, 331, 330, 48, 0.61%, 0, 0, 3, 876.50
1662898533, 0, 27, 332, 331, 48, 0.61%, 0, 0, 3, 884.87
1662898538, 0, 29, 332, 330, 48, 0.61%, 0, 0, 3, 754.00
1662898558, 0, 29, 337, 335, 48, 0.61%, 0, 0, 3, 786.90
1662898564, 0, 29, 338, 336, 48, 0.61%, 0, 0, 3, 811.40
1662898569, 0, 29, 341, 339, 48, 0.62%, 0, 0, 3, 811.89
1662898574, 0, 29, 343, 341, 48, 0.62%, 0, 0, 3, 818.08
1662898579, 0, 29, 345, 343, 48, 0.62%, 0, 0, 3, 816.85
1662898584, 0, 48, 345, 342, 49, 0.62%, 0, 0, 3, 790.22
1662898604, 0, 50, 345, 341, 48, 0.62%, 0, 0, 3, 703.84
1662898625, 0, 61, 346, 341, 47, 0.62%, 0, 0, 3, 723.55
1662898645, 0, 66, 346, 340, 46, 0.62%, 0, 0, 3, 812.01
1662898661, 0, 66, 350, 344, 46, 0.63%, 0, 0, 3, 882.23
1662898666, 0, 66, 352, 346, 46, 0.63%, 0, 0, 3, 881.99
1662898671, 0, 66, 355, 349, 46, 0.63%, 0, 0, 3, 878.78
1662898676, 0, 66, 357, 351, 46, 0.63%, 0, 0, 3, 876.76
1662898681, 0, 66, 359, 353, 46, 0.63%, 0, 0, 3, 878.84
1662898686, 0, 85, 362, 355, 44, 0.63%, 0, 0, 3, 841.57
1662898706, 0, 114, 362, 353, 42, 0.63%, 0, 0, 3, 780.90
1662898711, 0, 128, 362, 352, 41, 0.63%, 0, 0, 3, 864.87
1662898726, 0, 128, 364, 354, 41, 0.63%, 0, 0, 3, 884.39
1662898731, 0, 140, 364, 352, 39, 0.63%, 0, 0, 3, 835.71
1662898747, 0, 142, 364, 351, 38, 0.63%, 0, 0, 3, 712.30
