# unix_time, cycles_done, cur_path, paths_total, pending_total, pending_favs, map_size, unique_crashes, unique_hangs, max_depth, execs_per_sec
1662917370, 0, 0, 1, 1, 1, 0.30%, 0, 0, 1, 186.05
1662917375, 0, 0, 75, 75, 1, 0.49%, 0, 0, 2, 564.48
1662917380, 0, 0, 85, 85, 1, 0.50%, 0, 0, 2, 647.90
1662917385, 0, 0, 96, 96, 1, 0.51%, 0, 0, 2, 664.77
1662917390, 0, 0, 158, 158, 1, 0.56%, 0, 0, 2, 711.17
1662917395, 0, 0, 240, 240, 1, 0.59%, 0, 0, 2, 775.45
1662917400, 0, 0, 265, 265, 1, 0.60%, 0, 0, 2, 802.27
1662917405, 0, 0, 290, 290, 1, 0.60%, 0, 0, 2, 811.40
1662917410, 0, 0, 302, 302, 1, 0.61%, 0, 0, 2, 807.43
1662917415, 0, 0, 311, 311, 1, 0.61%, 0, 0, 2, 811.42
1662917420, 0, 0, 316, 316, 1, 0.61%, 0, 0, 2, 813.32
1662917425, 0, 0, 322, 322, 1, 0.61%, 0, 0, 2, 809.46
