# unix_time, cycles_done, cur_path, paths_total, pending_total, pending_favs, map_size, unique_crashes, unique_hangs, max_depth, execs_per_sec
1662918004, 0, 0, 1, 1, 1, 0.29%, 0, 0, 1, 181.82
1662918010, 0, 0, 76, 76, 1, 0.49%, 0, 0, 2, 564.11
1662918015, 0, 0, 87, 87, 1, 0.50%, 1, 0, 2, 641.98
1662918020, 0, 0, 96, 96, 1, 0.50%, 1, 0, 2, 662.94
1662918025, 0, 0, 151, 151, 1, 0.53%, 4, 0, 2, 677.89
1662918030, 0, 0, 234, 234, 1, 0.57%, 9, 0, 2, 712.16
1662918035, 0, 0, 264, 264, 1, 0.57%, 11, 0, 2, 793.75
1662918040, 0, 0, 281, 281, 1, 0.58%, 11, 0, 2, 795.81
1662918045, 0, 0, 291, 291, 1, 0.58%, 11, 0, 2, 801.15
1662918050, 0, 0, 303, 303, 1, 0.58%, 12, 0, 2, 802.67
1662918055, 0, 0, 310, 310, 1, 0.58%, 12, 0, 2, 797.91
