# unix_time, cycles_done, cur_path, paths_total, pending_total, pending_favs, map_size, unique_crashes, unique_hangs, max_depth, execs_per_sec
1663127255, 0, 0, 1, 1, 1, 0.30%, 0, 0, 1, 200.00
1663127260, 0, 0, 76, 76, 1, 0.49%, 0, 0, 2, 582.16
1663127265, 0, 0, 87, 87, 1, 0.51%, 0, 0, 2, 657.64
1663127270, 0, 0, 96, 96, 1, 0.51%, 0, 0, 2, 673.09
1663127276, 0, 0, 171, 171, 1, 0.52%, 0, 0, 2, 740.80
1663127281, 0, 0, 247, 247, 1, 0.56%, 0, 0, 2, 744.45
1663127286, 0, 0, 274, 274, 1, 0.56%, 0, 0, 2, 808.76
1663127291, 0, 0, 290, 290, 1, 0.58%, 0, 0, 2, 820.73
1663127296, 0, 0, 303, 303, 1, 0.59%, 0, 0, 2, 822.96
1663127301, 0, 0, 309, 309, 1, 0.59%, 0, 0, 2, 827.06
1663127306, 0, 0, 317, 317, 1, 0.60%, 0, 0, 2, 824.81
1663127311, 0, 0, 322, 322, 1, 0.60%, 0, 0, 2, 830.89
1663127316, 0, 0, 326, 326, 1, 0.60%, 0, 0, 2, 827.28
1663127321, 0, 4, 326, 325, 44, 0.60%, 0, 0, 2, 887.15
1663127327, 0, 5, 326, 324, 43, 0.60%, 0, 0, 2, 898.40
1663127337, 0, 27, 326, 323, 42, 0.60%, 0, 0, 2, 904.43
1663127352, 0, 27, 329, 326, 42, 0.60%, 0, 0, 3, 892.50
1663127357, 0, 27, 332, 329, 42, 0.60%, 0, 0, 3, 894.76
1663127362, 0, 27, 335, 332, 42, 0.60%, 0, 0, 3, 885.23
1663127368, 0, 27, 336, 333, 42, 0.60%, 0, 0, 3, 893.30
1663127373, 0, 27, 338, 335, 42, 0.60%, 0, 0, 3, 887.85
1663127378, 0, 27, 342, 339, 42, 0.60%, 0, 0, 3, 885.35
1663127383, 0, 27, 345, 342, 42, 0.60%, 0, 0, 3, 896.54
1663127388, 0, 29, 345, 341, 44, 0.60%, 0, 0, 3, 805.85
1663127408, 0, 48, 345, 340, 43, 0.60%, 0, 0, 3, 718.47
1663127428, 0, 66, 346, 340, 42, 0.61%, 0, 0, 3, 845.75
1663127444, 0, 72, 346, 339, 42, 0.61%, 0, 0, 3, 741.07
1663127459, 0, 76, 346, 338, 41, 0.61%, 0, 0, 3, 709.11
1663127479, 0, 76, 351, 343, 41, 0.61%, 0, 0, 3, 781.54
1663127484, 0, 76, 355, 347, 41, 0.62%, 0, 0, 3, 821.14
1663127489, 0, 76, 357, 349, 41, 0.62%, 0, 0, 3, 823.34
1663127495, 0, 76, 358, 350, 41, 0.62%, 0, 0, 3, 824.61
1663127500, 0, 76, 359, 351, 41, 0.62%, 0, 0, 3, 832.17
1663127510, 0, 97, 359, 350, 42, 0.62%, 0, 0, 3, 888.20
1663127515, 0, 130, 359, 348, 40, 0.62%, 0, 0, 3, 905.18
1663127525, 0, 131, 359, 347, 39, 0.62%, 0, 0, 3, 742.47
1663127535, 0, 134, 360, 347, 38, 0.62%, 0, 0, 3, 845.78
1663127545, 0, 147, 360, 345, 36, 0.62%, 0, 0, 3, 783.84
1663127566, 0, 166, 361, 345, 35, 0.62%, 0, 0, 3, 838.29
1663127571, 0, 192, 361, 343, 33, 0.62%, 0, 0, 3, 890.70
1663127581, 0, 197, 361, 342, 33, 0.62%, 0, 0, 3, 725.31
1663127606, 0, 197, 362, 343, 33, 0.62%, 0, 0, 3, 764.65
1663127612, 0, 199, 362, 342, 32, 0.62%, 0, 0, 3, 859.65
1663127622, 0, 202, 362, 341, 31, 0.62%, 0, 0, 3, 902.00
1663127637, 0, 205, 363, 341, 30, 0.62%, 0, 0, 3, 899.39
1663127642, 0, 208, 364, 341, 29, 0.62%, 0, 0, 3, 896.94
1663127652, 0, 218, 364, 340, 28, 0.62%, 0, 0, 3, 792.92
1663127667, 0, 218, 366, 342, 28, 0.62%, 0, 0, 3, 799.51
1663127673, 0, 220, 366, 341, 27, 0.62%, 0, 0, 3, 878.68
1663127678, 0, 234, 367, 341, 26, 0.62%, 0, 0, 3, 896.42
1663127693, 0, 236, 367, 340, 26, 0.62%, 0, 0, 3, 895.07
1663127698, 0, 251, 368, 340, 25, 0.62%, 0, 0, 3, 895.60
1663127708, 0, 251, 371, 343, 25, 0.62%, 0, 0, 3, 896.04
1663127714, 0, 251, 373, 345, 25, 0.62%, 0, 0, 3, 894.43
1663127719, 0, 251, 374, 346, 25, 0.62%, 0, 0, 3, 884.25
1663127729, 0, 251, 376, 348, 25, 0.62%, 0, 0, 3, 890.04
1663127734, 0, 251, 378, 350, 25, 0.62%, 0, 0, 3, 886.51
1663127740, 0, 251, 379, 351, 25, 0.62%, 0, 0, 3, 893.82
1663127745, 0, 255, 379, 350, 24, 0.62%, 0, 0, 3, 892.06
1663127755, 0, 268, 379, 349, 23, 0.62%, 0, 0, 3, 901.47
1663127760, 0, 274, 379, 348, 22, 0.62%, 0, 0, 3, 907.50
1663127765, 0, 275, 385, 353, 21, 0.63%, 0, 0, 3, 903.58
1663127770, 0, 275, 391, 359, 21, 0.63%, 0, 0, 3, 901.52
1663127775, 0, 275, 401, 369, 21, 0.63%, 0, 0, 3, 897.91
1663127780, 0, 275, 405, 373, 21, 0.63%, 0, 0, 3, 892.40
1663127786, 0, 275, 406, 374, 21, 0.63%, 0, 0, 3, 899.06
1663127791, 0, 275, 407, 375, 21, 0.63%, 0, 0, 3, 898.69
1663127796, 0, 275, 408, 376, 21, 0.63%, 0, 0, 3, 896.36
1663127806, 0, 275, 409, 377, 21, 0.64%, 0, 0, 3, 899.52
1663127811, 0, 282, 409, 376, 25, 0.64%, 0, 0, 3, 894.59
1663127817, 0, 285, 410, 376, 24, 0.64%, 0, 0, 3, 903.85
1663127827, 0, 287, 410, 375, 23, 0.64%, 0, 0, 3, 767.30
1663127842, 0, 291, 410, 374, 22, 0.64%, 0, 0, 3, 873.88
