# unix_time, cycles_done, cur_path, paths_total, pending_total, pending_favs, map_size, unique_crashes, unique_hangs, max_depth, execs_per_sec
1663137039, 0, 0, 1, 1, 1, 0.29%, 0, 0, 1, 200.00
1663137044, 0, 0, 75, 75, 1, 0.49%, 0, 0, 2, 568.81
1663137049, 0, 0, 86, 86, 1, 0.50%, 1, 0, 2, 643.91
1663137054, 0, 0, 95, 95, 1, 0.50%, 1, 0, 2, 664.59
1663137059, 0, 0, 156, 156, 1, 0.52%, 1, 0, 2, 716.74
1663137064, 0, 0, 240, 240, 1, 0.57%, 6, 0, 2, 762.90
1663137069, 0, 0, 262, 262, 1, 0.58%, 12, 0, 2, 801.00
1663137074, 0, 0, 277, 277, 1, 0.58%, 14, 0, 2, 806.30
1663137079, 0, 0, 291, 291, 1, 0.58%, 15, 0, 2, 810.32
1663137084, 0, 0, 297, 297, 1, 0.58%, 15, 0, 2, 804.64
1663137089, 0, 0, 306, 306, 1, 0.58%, 15, 0, 2, 816.05
1663137094, 0, 0, 310, 310, 1, 0.59%, 15, 0, 2, 809.49
1663137100, 0, 0, 315, 315, 1, 0.59%, 16, 0, 2, 811.17
1663137105, 0, 4, 315, 314, 45, 0.59%, 16, 0, 2, 855.98
1663137110, 0, 4, 317, 316, 45, 0.59%, 16, 0, 3, 882.71
1663137115, 0, 4, 319, 318, 45, 0.59%, 16, 0, 3, 875.58
1663137120, 0, 5, 319, 317, 44, 0.59%, 16, 0, 3, 879.86
1663137130, 0, 38, 319, 316, 43, 0.59%, 18, 0, 3, 839.13
1663137140, 0, 38, 320, 317, 43, 0.59%, 18, 0, 3, 673.53
1663137150, 0, 38, 326, 323, 43, 0.59%, 18, 0, 3, 762.03
1663137155, 0, 38, 330, 327, 43, 0.59%, 19, 0, 3, 798.14
1663137160, 0, 38, 334, 331, 43, 0.60%, 19, 0, 3, 808.14
1663137165, 0, 38, 342, 339, 43, 0.60%, 19, 0, 3, 803.56
1663137171, 0, 38, 345, 342, 43, 0.60%, 22, 0, 3, 814.10
1663137176, 0, 38, 346, 343, 43, 0.60%, 24, 0, 3, 804.97
1663137181, 0, 56, 347, 343, 43, 0.60%, 24, 0, 3, 843.25
1663137196, 0, 66, 347, 342, 43, 0.60%, 25, 0, 3, 874.18
1663137201, 0, 66, 347, 342, 43, 0.60%, 26, 0, 3, 880.35
1663137211, 0, 66, 350, 345, 43, 0.61%, 28, 0, 3, 871.29
1663137216, 0, 66, 353, 348, 43, 0.61%, 28, 0, 3, 875.97
1663137221, 0, 66, 356, 351, 43, 0.61%, 28, 0, 3, 872.35
1663137226, 0, 66, 357, 352, 43, 0.61%, 29, 0, 3, 871.66
1663137231, 0, 66, 361, 356, 43, 0.61%, 29, 0, 3, 869.54
1663137236, 0, 85, 363, 357, 45, 0.61%, 29, 0, 3, 785.46
1663137257, 0, 103, 363, 355, 43, 0.61%, 29, 0, 3, 810.75
1663137262, 0, 109, 363, 354, 42, 0.61%, 29, 0, 3, 864.51
1663137272, 0, 119, 363, 353, 41, 0.61%, 29, 0, 3, 875.44
1663137282, 0, 124, 363, 352, 40, 0.61%, 29, 0, 3, 731.32
1663137302, 0, 125, 363, 351, 39, 0.61%, 30, 0, 3, 771.33
1663137307, 0, 137, 363, 349, 37, 0.61%, 30, 0, 3, 860.54
1663137312, 0, 143, 363, 348, 36, 0.61%, 31, 0, 3, 881.25
1663137317, 0, 151, 363, 347, 35, 0.61%, 31, 0, 3, 744.73
1663137328, 0, 151, 363, 347, 35, 0.61%, 32, 0, 3, 670.08
1663137338, 0, 154, 364, 347, 34, 0.61%, 32, 0, 3, 782.80
1663137353, 0, 158, 364, 346, 33, 0.61%, 32, 0, 3, 882.23
1663137368, 0, 181, 364, 344, 31, 0.61%, 32, 0, 3, 886.87
1663137378, 0, 181, 365, 345, 31, 0.61%, 32, 0, 3, 885.38
1663137383, 0, 183, 368, 347, 30, 0.61%, 32, 0, 3, 880.97
1663137388, 0, 186, 368, 346, 29, 0.61%, 32, 0, 3, 717.56
1663137393, 0, 186, 368, 346, 29, 0.61%, 33, 0, 3, 679.42
1663137398, 0, 186, 370, 348, 29, 0.61%, 34, 0, 3, 751.56
1663137404, 0, 186, 373, 351, 29, 0.62%, 34, 0, 3, 805.87
1663137409, 0, 186, 374, 352, 29, 0.62%, 34, 0, 3, 816.22
1663137414, 0, 186, 375, 353, 29, 0.62%, 34, 0, 3, 816.96
1663137424, 0, 186, 376, 354, 29, 0.62%, 34, 0, 3, 816.09
1663137429, 0, 214, 376, 353, 30, 0.62%, 34, 0, 3, 856.74
1663137444, 0, 216, 377, 353, 29, 0.62%, 34, 0, 3, 875.97
1663137454, 0, 221, 378, 353, 28, 0.62%, 34, 0, 3, 883.70
1663137459, 0, 225, 378, 352, 28, 0.62%, 34, 0, 3, 877.81
1663137469, 0, 225, 378, 352, 28, 0.62%, 35, 0, 3, 887.60
1663137479, 0, 229, 378, 351, 27, 0.62%, 35, 0, 3, 882.15
1663137490, 0, 234, 378, 350, 26, 0.62%, 35, 0, 3, 880.84
1663137500, 0, 237, 378, 349, 25, 0.62%, 35, 0, 3, 748.45
1663137510, 0, 239, 378, 348, 24, 0.62%, 35, 0, 3, 819.08
1663137525, 0, 239, 380, 350, 24, 0.62%, 35, 0, 3, 880.96
1663137530, 0, 243, 380, 349, 23, 0.62%, 35, 0, 3, 882.54
1663137550, 0, 244, 380, 348, 23, 0.62%, 35, 0, 3, 872.79
1663137560, 0, 251, 381, 348, 22, 0.63%, 35, 0, 3, 869.76
1663137576, 0, 251, 384, 351, 22, 0.63%, 35, 0, 3, 879.46
1663137581, 0, 251, 387, 354, 22, 0.63%, 35, 0, 3, 876.77
1663137586, 0, 251, 389, 356, 22, 0.63%, 35, 0, 3, 880.43
1663137591, 0, 251, 390, 357, 22, 0.63%, 35, 0, 3, 876.05
1663137596, 0, 251, 392, 359, 22, 0.63%, 35, 0, 3, 881.47
1663137606, 0, 251, 393, 360, 22, 0.63%, 35, 0, 3, 878.13
1663137611, 0, 291, 394, 360, 22, 0.63%, 35, 0, 3, 880.82
1663137621, 0, 291, 396, 362, 22, 0.63%, 35, 0, 3, 879.58
1663137626, 0, 317, 396, 360, 21, 0.63%, 35, 0, 3, 877.24
1663137631, 0, 320, 396, 359, 20, 0.63%, 35, 0, 3, 881.44
