# unix_time, cycles_done, cur_path, paths_total, pending_total, pending_favs, map_size, unique_crashes, unique_hangs, max_depth, execs_per_sec
1663130295, 0, 0, 1, 1, 1, 0.31%, 0, 0, 1, 216.22
1663130301, 0, 0, 76, 76, 1, 0.50%, 0, 0, 2, 578.11
1663130306, 0, 0, 86, 86, 1, 0.52%, 1, 0, 2, 643.45
1663130311, 0, 0, 95, 95, 1, 0.52%, 1, 0, 2, 662.86
1663130316, 0, 0, 153, 153, 1, 0.53%, 2, 0, 2, 705.18
1663130321, 0, 0, 229, 229, 1, 0.57%, 9, 0, 2, 716.08
1663130326, 0, 0, 257, 257, 1, 0.59%, 13, 0, 2, 788.43
1663130331, 0, 0, 273, 273, 1, 0.59%, 15, 0, 2, 814.13
1663130336, 0, 0, 292, 292, 1, 0.60%, 16, 0, 2, 811.52
1663130341, 0, 0, 299, 299, 1, 0.60%, 17, 0, 2, 818.89
1663130346, 0, 0, 310, 310, 1, 0.60%, 18, 0, 2, 817.07
1663130351, 0, 0, 319, 319, 1, 0.60%, 19, 0, 2, 820.12
1663130356, 0, 0, 322, 322, 1, 0.60%, 21, 0, 2, 820.28
1663130361, 0, 4, 326, 325, 44, 0.60%, 22, 0, 2, 856.43
1663130366, 0, 5, 326, 324, 43, 0.60%, 22, 0, 2, 876.68
1663130382, 0, 27, 326, 323, 42, 0.60%, 22, 0, 2, 890.58
1663130397, 0, 29, 326, 322, 42, 0.60%, 22, 0, 2, 714.76
1663130417, 0, 48, 326, 321, 41, 0.60%, 22, 0, 2, 685.44
1663130422, 0, 48, 326, 321, 41, 0.60%, 23, 0, 2, 673.09
1663130433, 0, 48, 332, 327, 41, 0.60%, 23, 0, 3, 739.15
1663130438, 0, 48, 334, 329, 41, 0.60%, 23, 0, 3, 784.22
1663130443, 0, 48, 335, 330, 41, 0.60%, 24, 0, 3, 795.13
1663130448, 0, 48, 336, 331, 41, 0.60%, 25, 0, 3, 805.64
1663130458, 0, 48, 337, 332, 41, 0.60%, 26, 0, 3, 809.12
1663130463, 0, 48, 340, 335, 41, 0.60%, 27, 0, 3, 818.02
1663130469, 0, 48, 341, 336, 41, 0.60%, 28, 0, 3, 819.38
1663130474, 0, 67, 343, 337, 42, 0.63%, 28, 0, 3, 856.13
1663130479, 0, 67, 343, 337, 42, 0.63%, 29, 0, 3, 881.79
1663130489, 0, 67, 350, 344, 42, 0.64%, 31, 0, 3, 882.50
1663130494, 0, 67, 353, 347, 42, 0.64%, 31, 0, 3, 876.64
1663130499, 0, 67, 356, 350, 42, 0.64%, 31, 0, 3, 876.64
1663130504, 0, 67, 358, 352, 42, 0.64%, 32, 0, 3, 887.79
1663130514, 0, 72, 361, 354, 43, 0.64%, 32, 0, 3, 825.95
1663130534, 0, 73, 361, 353, 42, 0.64%, 32, 0, 3, 703.64
1663130545, 0, 73, 361, 353, 42, 0.64%, 33, 0, 3, 674.73
1663130555, 0, 145, 361, 352, 41, 0.64%, 33, 0, 3, 818.66
1663130565, 0, 148, 361, 351, 40, 0.64%, 33, 0, 3, 880.31
1663130585, 0, 158, 361, 350, 39, 0.64%, 33, 0, 3, 751.19
1663130590, 0, 164, 361, 349, 38, 0.64%, 33, 0, 3, 818.08
1663130595, 0, 176, 361, 347, 36, 0.64%, 33, 0, 3, 862.03
1663130610, 0, 191, 363, 347, 35, 0.64%, 33, 0, 3, 872.80
1663130615, 0, 191, 364, 348, 35, 0.65%, 33, 0, 3, 875.78
1663130621, 0, 191, 365, 349, 35, 0.65%, 33, 0, 3, 874.31
1663130631, 0, 191, 376, 360, 35, 0.65%, 33, 0, 3, 868.61
1663130636, 0, 191, 381, 365, 35, 0.65%, 33, 0, 3, 867.01
1663130641, 0, 191, 384, 368, 35, 0.65%, 33, 0, 3, 867.28
1663130646, 0, 191, 388, 372, 35, 0.65%, 33, 0, 3, 869.76
1663130651, 0, 191, 389, 373, 35, 0.65%, 33, 0, 3, 869.37
1663130656, 0, 191, 391, 375, 35, 0.65%, 33, 0, 3, 867.66
1663130661, 0, 191, 392, 376, 35, 0.65%, 33, 0, 3, 868.96
1663130666, 0, 204, 392, 374, 33, 0.65%, 33, 0, 3, 874.56
1663130671, 0, 204, 393, 375, 33, 0.65%, 33, 0, 3, 846.13
1663130682, 0, 207, 394, 375, 32, 0.65%, 33, 0, 3, 862.34
1663130687, 0, 207, 394, 375, 32, 0.65%, 34, 0, 3, 866.42
1663130702, 0, 209, 395, 375, 31, 0.65%, 34, 0, 3, 869.04
1663130707, 0, 217, 396, 375, 30, 0.65%, 34, 0, 3, 769.17
1663130722, 0, 217, 396, 375, 30, 0.65%, 35, 0, 3, 663.82
1663130732, 0, 222, 396, 374, 29, 0.65%, 35, 0, 3, 698.03
1663130753, 0, 222, 397, 375, 29, 0.65%, 35, 0, 3, 713.74
1663130758, 0, 222, 400, 378, 29, 0.66%, 35, 0, 3, 768.12
1663130763, 0, 222, 402, 380, 29, 0.66%, 35, 0, 3, 769.88
1663130768, 0, 222, 402, 380, 29, 0.66%, 36, 0, 3, 782.08
1663130773, 0, 222, 405, 383, 29, 0.66%, 38, 0, 3, 782.95
1663130778, 0, 222, 406, 384, 29, 0.66%, 39, 0, 3, 776.81
1663130783, 0, 223, 406, 383, 29, 0.66%, 39, 0, 3, 802.16
1663130793, 0, 229, 406, 381, 27, 0.66%, 39, 0, 3, 868.98
1663130798, 0, 229, 406, 381, 27, 0.66%, 40, 0, 3, 865.55
1663130809, 0, 229, 409, 384, 27, 0.66%, 40, 0, 3, 864.95
1663130814, 0, 231, 409, 383, 26, 0.66%, 40, 0, 3, 865.31
1663130824, 0, 236, 409, 382, 25, 0.66%, 40, 0, 3, 877.96
1663130839, 0, 238, 409, 381, 24, 0.66%, 40, 0, 3, 873.86
1663130854, 0, 238, 411, 383, 24, 0.66%, 40, 0, 3, 866.92
1663130859, 0, 239, 411, 382, 23, 0.66%, 40, 0, 3, 878.69
1663130870, 0, 243, 411, 381, 22, 0.66%, 40, 0, 3, 877.83
1663130880, 0, 245, 412, 381, 21, 0.66%, 40, 0, 3, 874.08
